======================================================================
C ARRAY FOR DRUM
Generated from: drum.wav
Resolution: 8192 samples (32.00KB)
======================================================================

// Add this define to your main.c
#define NS_DRUM  8192

// Drum: 8192 samples, 32,768 bytes (32.00KB)
uint32_t Drum_LUT[NS_DRUM] = {
    1185, 1217, 1063,  941,  904,  945, 1090, 1366, 1608, 1704, 1838, 2060, 2221, 2337, 2342, 2593,
    2656, 2818, 2949, 2962, 3115, 3013, 3131, 3201, 3192, 3250, 3221, 3203, 3338, 3432, 3487, 3455,
    3472, 3508, 3568, 3617, 3418, 3401, 3773, 3707, 3517, 3633, 3666, 3579, 3567, 3576, 3567, 3623,
    3606, 3566, 3596, 3611, 3581, 3591, 3653, 3703, 3660, 3571, 3555, 3474, 3377, 3371, 3229, 3031,
    3012, 2999, 2823, 2692, 2707, 2627, 2442, 2460, 2257, 2007, 2018, 1907, 1815, 1737, 1686, 1600,
    1433, 1360, 1268, 1152, 1072, 1044,  968,  845,  793,  802,  831,  713,  580,  611,  637,  532,
     413,  360,  358,  350,  319,  300,  298,  298,  292,  281,  278,  293,  311,  312,  294,  270,
     261,  276,  293,  287,  272,  268,  275,  283,  285,  284,  286,  295,  303,  302,  292,  280,
     280,  294,  310,  309,  291,  277,  272,  273,  279,  281,  272,  253,  236,  222,  208,  202,
     205,  206,  202,  200,  205,  214,  210,  198,  199,  216,  229,  232,  236,  252,  266,  281,
     323,  383,  414,  438,  520,  618,  649,  694,  775,  795,  840,  954, 1052, 1127, 1194, 1247,
    1306, 1433, 1536, 1608, 1719, 1786, 1809, 2010, 2118, 2155, 2282, 2389, 2439, 2563, 2663, 2651,
    2703, 2823, 2935, 3001, 3063, 3127, 3213, 3247, 3277, 3360, 3437, 3471, 3482, 3510, 3554, 3598,
    3623, 3626, 3641, 3693, 3758, 3798, 3813, 3837, 3871, 3898, 3921, 3946, 3965, 3976, 3980, 3980,
    3979, 3986, 4004, 4016, 4017, 4010, 4001, 3995, 3995, 3999, 4009, 4021, 4024, 4020, 4011, 4003,
    4006, 4012, 4018, 4020, 4022, 4023, 4022, 4020, 4021, 4026, 4033, 4035, 4034, 4032, 4032, 4033,
    4034, 4032, 4028, 4026, 4029, 4035, 4040, 4042, 4040, 4036, 4033, 4032, 4034, 4036, 4041, 4045,
    4049, 4051, 4051, 4048, 4045, 4043, 4044, 4047, 4050, 4053, 4058, 4063, 4067, 4067, 4063, 4056,
    4052, 4052, 4057, 4063, 4068, 4071, 4071, 4069, 4067, 4064, 4061, 4062, 4065, 4070, 4074, 4077,
    4078, 4081, 4083, 4086, 4086, 4086, 4085, 4087, 4089, 4090, 4089, 4086, 4083, 4082, 4084, 4086,
    4087, 4087, 4087, 4086, 4082, 4076, 4075, 4081, 4087, 4082, 4066, 4046, 4031, 4019, 4011, 4000,
    3967, 3896, 3799, 3731, 3715, 3690, 3598, 3487, 3412, 3361, 3294, 3215, 3145, 3079, 3022, 2962,
    2919, 2865, 2777, 2703, 2661, 2579, 2476, 2401, 2287, 2159, 2092, 2008, 1890, 1807, 1744, 1674,
    1568, 1447, 1387, 1228, 1183, 1134, 1009,  955,  888,  828,  772,  736,  734,  672,  615,  601,
     577,  542,  508,  489,  511,  501,  454,  440,  453,  458,  454,  426,  380,  365,  400,  419,
     399,  361,  327,  323,  327,  304,  286,  290,  292,  288,  278,  281,  309,  317,  278,  255,
     286,  315,  329,  342,  351,  371,  378,  392,  455,  495,  502,  543,  623,  665,  631,  650,
     754,  813,  816,  830,  887,  935,  983, 1102, 1168, 1244, 1314, 1415, 1498, 1645, 1775, 1867,
    2057, 2177, 2388, 2515, 2593, 2586, 2468, 2103, 1778, 1575, 1615, 1597, 1542, 1499, 1449, 1348,
    1253, 1200, 1059, 1086, 1074, 1044, 1012,  954,  982,  962,  895,  854,  848,  853,  850,  830,
     779,  763,  720,  705,  740,  720,  661,  658,  695,  690,  667,  662,  660,  647,  618,  592,
     586,  585,  581,  558,  512,  470,  457,  456,  445,  442,  444,  429,  410,  397,  365,  327,
     325,  352,  381,  393,  369,  335,  333,  347,  347,  348,  364,  381,  391,  400,  403,  394,
     375,  364,  384,  419,  429,  422,  425,  432,  438,  442,  440,  444,  457,  467,  482,  500,
     507,  497,  477,  487,  523,  558,  584,  594,  601,  626,  649,  651,  650,  675,  704,  710,
     701,  686,  693,  705,  718,  721,  714,  735,  759,  767,  769,  799,  826,  821,  852,  872,
     905,  911,  925,  988, 1022, 1064, 1090, 1155, 1198, 1270, 1347, 1461, 1518, 1614, 1789, 1935,
    2120, 1720, 1607, 1568, 1580, 1667, 1870, 2126, 2252, 2378, 2501, 2613, 2685, 2778, 2858, 2904,
    2944, 3038, 3108, 3145, 3191, 3221, 3238, 3289, 3346, 3392, 3416, 3427, 3467, 3508, 3524, 3546,
    3578, 3603, 3615, 3621, 3624, 3627, 3645, 3677, 3704, 3725, 3750, 3769, 3780, 3801, 3823, 3838,
    3854, 3874, 3898, 3921, 3943, 3955, 3958, 3958, 3961, 3971, 3984, 3996, 4006, 4011, 4017, 4025,
    4031, 4032, 4031, 4033, 4038, 4040, 4041, 4040, 4039, 4038, 4039, 4042, 4047, 4050, 4051, 4050,
    4051, 4053, 4056, 4058, 4061, 4063, 4066, 4067, 4069, 4071, 4074, 4077, 4079, 4079, 4081, 4084,
    4089, 4090, 4090, 4090, 4090, 4090, 4090, 4090, 4090, 4090, 4090, 4090, 4090, 4090, 4090, 4090,
    4090, 4090, 4090, 4090, 4090, 4090, 4090, 4090, 4090, 4090, 4090, 4090, 4090, 4090, 4090, 4090,
    4090, 4090, 4090, 4090, 4090, 4090, 4090, 4090, 4090, 4090, 4090, 4090, 4090, 4090, 4090, 4090,
    4090, 4090, 4090, 4090, 4090, 4090, 4090, 4090, 4090, 4090, 4090, 4090, 4090, 4090, 4090, 4090,
    4090, 4090, 4090, 4090, 4090, 4090, 4090, 4090, 4090, 4090, 4090, 4090, 4090, 4090, 4090, 4090,
    4090, 4090, 4090, 4090, 4090, 4090, 4090, 4090, 4090, 4090, 4090, 4090, 4090, 4090, 4090, 4090,
    4090, 4090, 4090, 4090, 4090, 4090, 4090, 4090, 4090, 4090, 4090, 4090, 4090, 4087, 4084, 4081,
    4079, 4075, 4069, 4065, 4063, 4063, 4062, 4059, 4055, 4049, 4042, 4036, 4032, 4028, 4023, 4016,
    4012, 4010, 4012, 4015, 4015, 4009, 3995, 3981, 3968, 3962, 3956, 3949, 3939, 3931, 3923, 3916,
    3908, 3898, 3891, 3887, 3883, 3874, 3865, 3858, 3854, 3846, 3837, 3830, 3825, 3822, 3817, 3808,
    3793, 3780, 3769, 3757, 3743, 3733, 3725, 3714, 3701, 3689, 3677, 3664, 3643, 3628, 3630, 3618,
    3587, 3564, 3552, 3543, 3530, 3498, 3462, 3434, 3406, 3379, 3361, 3347, 3328, 3302, 3276, 3254,
    3223, 3195, 3178, 3169, 3146, 3120, 3089, 3097, 3082, 3049, 3010, 2989, 2987, 2963, 2914, 2893,
    2884, 2821, 2790, 2762, 2725, 2730, 2718, 2702, 2697, 2716, 2731, 2719, 2717, 2710, 2726, 2727,
    2742, 2761, 2782, 2808, 2834, 2875, 2907, 2908, 2927, 2936, 2941, 2940, 2956, 2947, 2937, 2927,
    2883, 2857, 2846, 2819, 2814, 2779, 2749, 2653, 2500, 2336, 2165, 1991, 1847, 1706, 1603, 1471,
    1389, 1315, 1258, 1175, 1121, 1076, 1038,  994,  946,  908,  881,  848,  816,  774,  735,  700,
     654,  616,  592,  565,  539,  514,  488,  459,  428,  405,  392,  375,  361,  350,  334,  315,
     292,  264,  235,  211,  196,  185,  177,  166,  152,  135,  123,  111,  101,   93,   89,   84,
      77,   69,   61,   57,   53,   49,   44,   40,   36,   33,   28,   21,   13,    7,    4,    3,
       2,    1,    0,    0,    0,    0,    0,    0,    0,    0,    0,    0,    0,    0,    0,    0,
       0,    0,    0,    0,    0,    0,    0,    0,    0,    0,    0,    0,    0,    0,    0,    0,
       0,    0,    0,    0,    0,    0,    0,    0,    0,    0,    0,    0,    0,    0,    0,    0,
       0,    0,    0,    0,    0,    0,    0,    0,    0,    0,    0,    0,    0,    0,    0,    0,
       0,    0,    0,    0,    0,    0,    0,    0,    0,    0,    0,    0,    0,    0,    0,    0,
       0,    0,    0,    0,    0,    0,    0,    0,    0,    0,    0,    0,    0,    0,    0,    0,
       0,    0,    0,    0,    0,    0,    0,    0,    0,    0,    0,    0,    0,    0,    0,    0,
       0,    0,    0,    0,    0,    0,    0,    0,    0,    0,    0,    0,    0,    0,    0,    0,
       0,    0,    0,    0,    0,    0,    0,    0,    0,    0,    0,    0,    0,    0,    0,    0,
       0,    1,    1,    0,    0,    0,    0,    0,    0,    0,    0,    0,    0,    0,    0,    1,
       1,    0,    0,    0,    0,    0,    0,    0,    0,    0,    0,    0,    0,    0,    0,    0,
       0,    0,    0,    0,    1,    1,    1,    1,    1,    1,    0,    0,    0,    1,    1,    0,
       0,    0,    1,    1,    1,    1,    1,    0,    0,    0,    0,    0,    0,    1,    3,    9,
      13,   16,   15,   18,   24,   33,   40,   46,   53,   61,   68,   69,   68,   69,   75,   80,
      83,   84,   88,   95,  105,  114,  121,  127,  131,  135,  143,  154,  164,  169,  171,  174,
     181,  190,  201,  210,  218,  225,  231,  235,  238,  242,  249,  257,  262,  271,  285,  301,
     309,  311,  312,  313,  318,  328,  342,  352,  364,  378,  391,  400,  405,  410,  419,  433,
     445,  452,  454,  460,  469,  477,  482,  487,  496,  505,  510,  520,  536,  549,  555,  554,
     547,  551,  567,  582,  599,  608,  612,  623,  632,  641,  650,  656,  663,  675,  691,  704,
     718,  727,  739,  737,  721,  727,  740,  741,  759,  761,  763,  764,  774,  784,  779,  786,
     798,  797,  806,  828,  836,  830,  825,  837,  852,  846,  856,  864,  864,  873,  858,  869,
     881,  898,  927,  937,  942,  955,  998, 1021, 1032, 1050, 1077, 1085, 1116, 1146, 1169, 1185,
    1250, 1274, 1312, 1343, 1401, 1450, 1513, 1595, 1710, 1918, 2236, 2420, 2494, 2584, 2648, 2708,
    2758, 2830, 2865, 2913, 2935, 2970, 2995, 3013, 3032, 3052, 3062, 3077, 3091, 3109, 3115, 3130,
    3150, 3176, 3177, 3193, 3211, 3232, 3257, 3279, 3293, 3303, 3318, 3341, 3356, 3374, 3395, 3410,
    3429, 3444, 3453, 3468, 3487, 3505, 3522, 3536, 3543, 3544, 3553, 3573, 3592, 3605, 3619, 3631,
    3636, 3638, 3643, 3645, 3652, 3669, 3685, 3693, 3704, 3719, 3728, 3727, 3729, 3741, 3753, 3761,
    3769, 3781, 3791, 3797, 3802, 3805, 3807, 3813, 3824, 3830, 3836, 3844, 3852, 3853, 3851, 3850,
    3851, 3853, 3859, 3869, 3876, 3881, 3886, 3891, 3895, 3899, 3906, 3915, 3921, 3927, 3933, 3939,
    3942, 3945, 3948, 3952, 3958, 3966, 3971, 3972, 3971, 3971, 3973, 3976, 3979, 3985, 3990, 3997,
    4000, 4001, 4001, 3999, 3999, 4000, 4001, 4002, 4004, 4009, 4015, 4022, 4022, 4022, 4021, 4023,
    4024, 4025, 4029, 4032, 4034, 4033, 4032, 4033, 4034, 4032, 4029, 4028, 4029, 4029, 4025, 4023,
    4024, 4030, 4035, 4039, 4044, 4050, 4058, 4061, 4062, 4060, 4060, 4061, 4063, 4062, 4058, 4053,
    4049, 4049, 4050, 4053, 4059, 4064, 4068, 4067, 4065, 4064, 4065, 4062, 4056, 4050, 4050, 4056,
    4064, 4066, 4061, 4053, 4047, 4048, 4049, 4050, 4046, 4042, 4039, 4041, 4042, 4043, 4036, 4029,
    4021, 4015, 4010, 4006, 4004, 4002, 4002, 4002, 4001, 4000, 3996, 3993, 3990, 3993, 3994, 3994,
    3988, 3985, 3983, 3985, 3984, 3981, 3977, 3977, 3977, 3976, 3972, 3966, 3960, 3959, 3958, 3956,
    3953, 3953, 3958, 3963, 3959, 3952, 3946, 3947, 3947, 3942, 3927, 3918, 3912, 3912, 3910, 3908,
    3905, 3901, 3896, 3891, 3887, 3879, 3870, 3865, 3864, 3868, 3865, 3860, 3853, 3849, 3841, 3832,
    3824, 3823, 3826, 3825, 3822, 3820, 3819, 3815, 3813, 3811, 3807, 3797, 3788, 3784, 3779, 3774,
    3772, 3772, 3767, 3764, 3765, 3763, 3757, 3750, 3748, 3747, 3742, 3735, 3729, 3720, 3706, 3694,
    3686, 3680, 3673, 3666, 3659, 3652, 3647, 3641, 3625, 3610, 3605, 3598, 3586, 3577, 3570, 3563,
    3559, 3558, 3556, 3551, 3544, 3534, 3519, 3504, 3499, 3496, 3486, 3477, 3469, 3463, 3457, 3453,
    3444, 3426, 3424, 3421, 3413, 3400, 3376, 3372, 3374, 3363, 3347, 3329, 3317, 3317, 3318, 3299,
    3275, 3262, 3258, 3248, 3230, 3204, 3196, 3176, 3158, 3125, 3099, 3082, 3071, 3021, 2977, 2953,
    2904, 2865, 2808, 2741, 2708, 2621, 2518, 2412, 2241, 1998, 1752, 1622, 1512, 1416, 1367, 1318,
    1272, 1229, 1198, 1170, 1147, 1129, 1112, 1082, 1072, 1069, 1054, 1035, 1031, 1009, 1002,  995,
     980,  968,  969,  974,  966,  972,  968,  967,  961,  964,  964,  970,  977,  969,  958,  977,
     991,  982,  989,  999, 1012, 1017, 1028, 1039, 1049, 1048, 1061, 1078, 1081, 1094, 1115, 1128,
    1154, 1159, 1176, 1190, 1204, 1229, 1255, 1275, 1299, 1327, 1347, 1376, 1401, 1469, 1528, 1575,
    1674, 1778, 1920, 1819, 1671, 1567, 1498, 1447, 1403, 1381, 1350, 1340, 1330, 1302, 1298, 1290,
    1288, 1302, 1314, 1323, 1364, 1370, 1422, 1454, 1514, 1593, 1687, 1858, 2167, 2382, 2493, 2555,
    2619, 2672, 2701, 2717, 2723, 2765, 2776, 2769, 2768, 2765, 2767, 2758, 2752, 2754, 2741, 2738,
    2712, 2705, 2687, 2669, 2657, 2635, 2622, 2616, 2591, 2575, 2562, 2558, 2555, 2569, 2564, 2584,
    2570, 2566, 2578, 2583, 2566, 2579, 2567, 2559, 2550, 2524, 2513, 2461, 2406, 2308, 1920, 1735,
    1607, 1502, 1476, 1450, 1416, 1385, 1368, 1342, 1342, 1323, 1300, 1324, 1276, 1284, 1256, 1267,
    1257, 1264, 1258, 1284, 1273, 1260, 1266, 1255, 1258, 1243, 1245, 1249, 1254, 1268, 1263, 1251,
    1257, 1253, 1244, 1243, 1245, 1239, 1235, 1238, 1237, 1234, 1218, 1213, 1215, 1198, 1213, 1186,
    1178, 1178, 1176, 1170, 1160, 1157, 1147, 1148, 1136, 1152, 1138, 1132, 1129, 1136, 1139, 1114,
    1102, 1115, 1105, 1099, 1109, 1113, 1117, 1132, 1129, 1132, 1132, 1139, 1147, 1149, 1174, 1185,
    1189, 1221, 1221, 1233, 1247, 1278, 1301, 1314, 1348, 1397, 1433, 1495, 1548, 1624, 1736, 1991,
    2315, 2391, 2454, 2504, 2558, 2602, 2648, 2690, 2710, 2752, 2773, 2804, 2833, 2873, 2886, 2914,
    2947, 2958, 2979, 3005, 3017, 3032, 3051, 3069, 3079, 3096, 3124, 3138, 3152, 3158, 3170, 3188,
    3207, 3214, 3229, 3238, 3252, 3271, 3274, 3276, 3281, 3297, 3310, 3312, 3312, 3316, 3326, 3337,
    3348, 3351, 3344, 3344, 3349, 3356, 3353, 3349, 3357, 3362, 3368, 3365, 3366, 3359, 3358, 3354,
    3357, 3360, 3356, 3353, 3350, 3348, 3348, 3353, 3346, 3342, 3346, 3345, 3344, 3331, 3320, 3320,
    3320, 3316, 3309, 3305, 3299, 3292, 3279, 3275, 3266, 3253, 3245, 3239, 3225, 3209, 3195, 3193,
    3190, 3175, 3154, 3141, 3127, 3120, 3105, 3092, 3071, 3057, 3037, 3021, 3016, 2998, 2976, 2961,
    2933, 2915, 2891, 2871, 2843, 2822, 2790, 2776, 2743, 2725, 2684, 2650, 2620, 2571, 2505, 2423,
    2299, 1929, 1716, 1611, 1534, 1477, 1440, 1407, 1378, 1348, 1325, 1294, 1276, 1266, 1233, 1229,
    1212, 1202, 1199, 1191, 1192, 1179, 1169, 1172, 1155, 1150, 1143, 1140, 1142, 1133, 1134, 1141,
    1132, 1129, 1133, 1133, 1132, 1142, 1138, 1139, 1146, 1146, 1145, 1153, 1157, 1158, 1168, 1165,
    1175, 1176, 1178, 1188, 1198, 1202, 1217, 1226, 1241, 1249, 1266, 1289, 1306, 1327, 1340, 1367,
    1388, 1423, 1460, 1503, 1552, 1612, 1712, 1898, 2296, 2385, 2427, 2444, 2455, 2461, 2458, 2452,
    2436, 2410, 2371, 2288, 1966, 1896, 1817, 1801, 1804, 1844, 2199, 2320, 2377, 2416, 2444, 2459,
    2461, 2450, 2433, 2397, 2329, 2180, 1837, 1761, 1715, 1686, 1662, 1655, 1648, 1662, 1685, 1735,
    1811, 2186, 2212, 2409, 2294, 2439, 2400, 2176, 1612, 1818, 1581, 2233, 1791, 2385, 1416, 1583,
    2635, 2008, 2486, 2229, 2033, 2603, 2169, 2499, 1301, 1631, 1829, 1610, 1689, 1260,  632, 1179,
    1339, 1332, 1606, 1884, 2568, 1778, 2386, 2967, 2642, 2571, 2554, 3022, 2903, 2488, 1921, 1861,
    2441, 2840, 3271, 3580, 3526, 3482, 3464, 3195, 3162, 3487, 3410, 3247, 3144, 3179, 3537, 3921,
    4072, 4088, 4090, 4084, 4081, 4035, 3784, 3693, 3928, 4074, 4082, 4088, 4090, 4071, 4009, 3982,
    4020, 4065, 4087, 4090, 4088, 4074, 3837, 3487, 3393, 3532, 3693, 3872, 4057, 4088, 4039, 3763,
    3426, 3458, 3484, 3389, 3429, 3555, 3550, 3233, 2979, 2848, 2494, 2429, 2705, 2890, 2661, 2428,
    2417, 2380, 2390, 2384, 2149, 1785, 1633, 1862, 1964, 1603, 1426, 1466, 1124,  791,  891, 1067,
     968,  652,  650, 1024, 1166, 1142, 1178, 1118,  882,  597,  593,  733,  464,  125,   45,   53,
      53,   35,   20,   17,    6,   33,  179,  408,  429,  280,  141,   70,   35,    1,   19,   76,
     130,  148,  109,   33,    6,   32,  102,  154,  124,   71,   20,    9,    5,   11,   37,   56,
      56,   31,   10,    2,   10,   53,   87,  107,   81,   45,   11,    3,    3,    8,   16,   22,
      26,   22,   13,    1,    5,    6,    3,    8,   24,   65,   63,   43,   12,    9,   17,   22,
      26,   26,   14,   10,    9,   11,    4,    0,    1,    7,   12,   12,    3,    1,   10,   25,
      38,   38,   28,   13,    1,    4,   40,   60,   53,   37,   43,   88,  124,  149,  164,  156,
     133,  110,   94,  104,  121,  107,   97,  134,  217,  318,  357,  343,  395,  591,  829,  924,
     865,  828,  918, 1100, 1255, 1304, 1341, 1519, 1856, 2184, 2296, 2192, 2113, 2246, 2510, 2749,
    2857, 2863, 2876, 2877, 2950, 3113, 3147, 3187, 3313, 3365, 3385, 3398, 3422, 3600, 3741, 3588,
    3361, 3381, 3579, 3662, 3661, 3757, 3840, 3786, 3662, 3670, 3783, 3863, 3909, 3939, 3892, 3815,
    3825, 3885, 3902, 3871, 3834, 3825, 3832, 3830, 3842, 3880, 3886, 3862, 3842, 3854, 3904, 3942,
    3909, 3819, 3712, 3637, 3641, 3651, 3635, 3664, 3745, 3837, 3839, 3818, 3822, 3856, 3897, 3902,
    3837, 3721, 3631, 3634, 3752, 3839, 3870, 3907, 3953, 3987, 3997, 4007, 4022, 4001, 3976, 3998,
    4023, 3990, 3917, 3880, 3952, 4042, 4058, 4046, 4021, 3985, 4019, 4079, 4005, 3791, 3657, 3649,
    3726, 3780, 3692, 3612, 3620, 3588, 3536, 3548, 3515, 3336, 3114, 2929, 2774, 2688, 2689, 2703,
    2668, 2603, 2508, 2351, 2212, 2127, 2006, 1834, 1676, 1587, 1560, 1499, 1398, 1321, 1142,  839,
     661,  615,  566,  580,  548,  400,  369,  444,  423,  312,  212,  170,  186,  193,  214,  272,
     279,  236,  204,  179,  177,  198,  216,  228,  202,  169,  195,  237,  244,  213,  173,  152,
     154,  177,  213,  249,  267,  244,  195,  159,  143,  149,  156,  168,  179,  187,  190,  196,
     201,  203,  201,  206,  223,  237,  237,  222,  188,  154,  131,  127,  128,  122,  108,  102,
     103,  101,   85,   79,   85,  100,  110,  106,   97,   91,   98,  120,  132,  123,   85,   72,
      83,  102,  112,  108,   80,   61,   65,   80,   90,   84,   59,   42,   45,   46,   44,   57,
      72,   76,   76,   78,   81,   88,   99,  126,  173,  195,  216,  313,  470,  585,  593,  602,
     745,  912,  976, 1022, 1122, 1222, 1235, 1204, 1288, 1461, 1555, 1596, 1678, 1801, 1945, 2101,
    2258, 2367, 2375, 2324, 2327, 2448, 2647, 2825, 2911, 2903, 2854, 2830, 2874, 2970, 3061, 3129,
    3258, 3490, 3678, 3698, 3645, 3651, 3713, 3749, 3772, 3870, 4010, 4081, 4088, 4074, 4059, 4063,
    4082, 4089, 4078, 4072, 4077, 4083, 4083, 4079, 4080, 4084, 4088, 4089, 4086, 4080, 4080, 4085,
    4090, 4090, 4090, 4090, 4090, 4089, 4079, 4064, 4047, 4047, 4055, 4069, 4078, 4083, 4085, 4086,
    4085, 4084, 4081, 4082, 4085, 4088, 4089, 4086, 4082, 4080, 4087, 4090, 4090, 4090, 4090, 4088,
    4087, 4088, 4081, 4075, 4070, 4061, 4050, 4038, 4035, 4049, 4069, 4089, 4090, 4090, 4089, 4090,
    4090, 4090, 4090, 4090, 4090, 4090, 4089, 4083, 4074, 4083, 4089, 4090, 4090, 4089, 4086, 4083,
    4082, 4087, 4090, 4090, 4090, 4090, 4090, 4090, 4090, 4090, 4090, 4090, 4090, 4086, 4085, 4088,
    4090, 4090, 4089, 4086, 4088, 4090, 4090, 4090, 4090, 4090, 4090, 4090, 4090, 4090, 4090, 4090,
    4090, 4090, 4090, 4086, 4081, 4081, 4066, 3978, 3900, 3925, 3958, 3910, 3830, 3778, 3736, 3664,
    3553, 3489, 3521, 3511, 3450, 3396, 3306, 3200, 3194, 3202, 3069, 2971, 2988, 2933, 2869, 2790,
    2734, 2679, 2476, 2366, 2446, 2321, 2144, 2174, 2033, 1943, 1797, 1723, 1514, 1469, 1310, 1240,
    1120, 1108, 1149, 1034,  894,  781,  820,  801,  644,  544,  457,  451,  555,  623,  539,  396,
     378,  378,  445,  459,  431,  356,  366,  350,  354,  417,  386,  374,  413,  465,  413,  456,
     539,  507,  480,  489,  507,  472,  454,  600,  765,  708,  523,  540,  730,  840,  820,  834,
     819,  807,  709,  630,  741,  894,  764,  863,  905, 1051,  838, 1016, 1122, 1181, 1328, 1740,
    1855, 1935, 2030, 2060, 2293, 2565, 2820, 2993, 2503, 2278, 1995, 2006, 1959, 1961, 1550, 1629,
    1564, 1411, 1174, 1168, 1041,  975, 1016,  857,  834,  694,  851,  817,  652,  786,  826,  620,
     509,  576,  631,  531,  428,  244,  172,  322,  371,  267,  123,   98,  246,  350,  290,  182,
     133,  207,  345,  386,  372,  427,  439,  305,  158,  178,  355,  480,  430,  337,  344,  417,
     468,  493,  502,  461,  384,  350,  403,  468,  466,  411,  350,  292,  243,  234,  281,  358,
     446,  483,  419,  350,  321,  304,  317,  370,  419,  437,  421,  378,  362,  407,  441,  433,
     427,  428,  429,  434,  447,  471,  424,  300,  339,  515,  607,  600,  569,  522,  463,  442,
     469,  466,  535,  655,  703,  695,  687,  679,  622,  784,  980,  874,  728,  808,  813,  852,
    1030, 1175, 1250, 1238, 1251, 1405, 1426, 1312, 1581, 1551, 1673, 1654, 1603, 1702, 1652, 1589,
    1567, 1411, 1498, 1560, 1901, 1787, 1844, 2047, 2215, 2374, 2606, 2709, 2666, 2839, 2733, 2865,
    2997, 3006, 3007, 3020, 3065, 3078, 3130, 3232, 3246, 3249, 3344, 3352, 3273, 3259, 3416, 3491,
    3407, 3326, 3322, 3361, 3405, 3401, 3427, 3494, 3591, 3640, 3578, 3558, 3594, 3602, 3615, 3647,
    3698, 3753, 3741, 3701, 3685, 3693, 3752, 3824, 3836, 3809, 3824, 3883, 3921, 3930, 3910, 3874,
    3862, 3875, 3894, 3904, 3906, 3911, 3935, 3960, 3967, 3944, 3879, 3809, 3771, 3758, 3749, 3699,
    3682, 3721, 3816, 3904, 3920, 3899, 3856, 3819, 3801, 3791, 3782, 3788, 3833, 3894, 3934, 3907,
    3868, 3830, 3836, 3860, 3897, 3936, 3934, 3904, 3840, 3836, 3867, 3933, 3970, 3996, 4013, 4025,
    4034, 4041, 4045, 4038, 4017, 3993, 3989, 4009, 4046, 4072, 4085, 4088, 4090, 4088, 4066, 4053,
    4059, 4073, 4084, 4085, 4086, 4088, 4090, 4090, 4089, 4088, 4088, 4087, 4082, 4078, 4076, 4070,
    4063, 4055, 4065, 4076, 4085, 4088, 4087, 4088, 4088, 4086, 4087, 4088, 4087, 4088, 4090, 4090,
    4090, 4089, 4086, 4083, 4074, 4073, 4077, 4085, 4090, 4090, 4085, 4078, 4077, 4077, 4080, 4077,
    4074, 4081, 4086, 4090, 4090, 4090, 4090, 4089, 4087, 4088, 4089, 4088, 4086, 4084, 4082, 4083,
    4088, 4089, 4087, 4078, 4072, 4081, 4085, 4087, 4085, 4085, 4087, 4086, 4084, 4084, 4085, 4087,
    4089, 4090, 4090, 4090, 4090, 4090, 4090, 4088, 4088, 4090, 4090, 4090, 4090, 4090, 4090, 4089,
    4088, 4089, 4090, 4090, 4090, 4090, 4090, 4088, 4084, 4084, 4081, 4072, 4064, 4059, 4065, 4073,
    4084, 4087, 4088, 4086, 4088, 4090, 4090, 4090, 4090, 4089, 4088, 4086, 4089, 4090, 4089, 4089,
    4090, 4090, 4088, 4083, 4077, 4074, 4073, 4080, 4086, 4090, 4090, 4090, 4090, 4090, 4086, 4078,
    4043, 4034, 4046, 4073, 4057, 4013, 3949, 3923, 3914, 3914, 3898, 3898, 3920, 3944, 3933, 3903,
    3869, 3871, 3895, 3925, 3921, 3855, 3795, 3767, 3804, 3857, 3891, 3913, 3924, 3902, 3871, 3870,
    3887, 3902, 3903, 3891, 3877, 3873, 3885, 3901, 3902, 3875, 3832, 3778, 3728, 3694, 3685, 3693,
    3679, 3657, 3649, 3622, 3582, 3535, 3464, 3448, 3515, 3568, 3526, 3377, 3285, 3288, 3298, 3306,
    3346, 3404, 3340, 3330, 3316, 3208, 3129, 3154, 3270, 3079, 3017, 3015, 2946, 2915, 2904, 2712,
    2839, 2711, 2817, 2754, 2623, 2725, 2531, 2553, 2587, 2508, 2339, 2251, 2331, 2158, 2064, 1990,
    1886, 1762, 1538, 1524, 1416, 1329, 1325, 1246, 1250, 1128, 1049, 1036,  976,  891,  853,  833,
     800,  788,  743,  630,  519,  477,  485,  495,  458,  361,  279,  246,  203,  124,   62,   50,
      72,   86,   64,   20,    6,    6,    4,    0,    0,    0,    0,    0,    0,    0,    0,    0,
       0,    0,    0,    0,    1,    0,    0,    0,    0,    0,    0,    0,    0,    0,    0,    0,
       0,    0,    0,    1,    4,    6,    5,    2,    1,    0,    0,    0,    0,    1,    2,    3,
       3,    1,    0,    0,    0,    0,    0,    0,    0,    0,    0,    0,    0,    0,    0,    0,
       0,    0,    0,    0,    1,    1,    1,    1,    0,    0,    0,    0,    0,    0,    0,    0,
       0,    0,    0,    0,    1,    1,    1,    0,    0,    0,    0,    0,    0,    0,    0,    0,
       0,    0,    0,    0,    0,    0,    0,    0,    0,    0,    0,    0,    0,    0,    0,    0,
       0,    0,    0,    1,    2,    4,    3,    0,    0,    0,    0,    0,    1,    0,    0,    0,
       0,    0,    0,    0,    0,    0,    0,    0,    0,    0,    0,    0,    0,    0,    0,    1,
       4,    6,   10,    8,    6,    3,    3,    3,    2,    1,    0,    1,    2,    6,   10,    9,
       6,    1,    0,    0,    0,    1,    2,    1,    1,    0,    0,    0,    0,    0,    0,    0,
       0,    1,    2,    5,    6,    4,    2,    0,    0,    0,    0,    0,    0,    1,    2,    3,
       3,    2,    2,    2,    1,    1,    1,    0,    0,    0,    0,    0,    0,    0,    0,    1,
       2,    1,    0,    0,    0,    0,    0,    0,    1,    2,    3,    5,    5,    3,    2,    0,
       0,    0,    0,    0,    0,    0,    0,    1,    2,    2,    2,    1,    1,    1,    0,    0,
       0,    0,    0,    0,    0,    0,    0,    0,    0,    1,    1,    1,    1,    1,    0,    0,
       0,    0,    0,    1,    1,    2,    2,    2,    1,    0,    0,    0,    1,    3,    2,    1,
       0,    0,    0,    0,    0,    2,    7,   15,   23,   27,   31,   39,   65,  108,  157,  201,
     226,  232,  222,  205,  196,  216,  250,  280,  295,  292,  301,  333,  353,  355,  348,  333,
     313,  318,  363,  402,  427,  469,  509,  538,  558,  557,  547,  550,  558,  562,  562,  611,
     710,  763,  780,  792,  808,  852,  867,  922, 1006,  999,  981,  971,  908,  999, 1052, 1056,
    1240, 1153, 1245, 1304, 1360, 1552, 1615, 1794, 1948, 2196, 2294, 2529, 2546, 2650, 2629, 2612,
    2672, 2680, 2617, 2708, 2626, 2516, 2432, 2467, 2527, 2553, 2548, 2581, 2656, 2645, 2627, 2674,
    2710, 2703, 2797, 2838, 2848, 2908, 2789, 2832, 2887, 2889, 2906, 2987, 3030, 2986, 3016, 3110,
    3138, 3138, 3205, 3185, 3176, 3249, 3235, 3266, 3327, 3273, 3218, 3270, 3298, 3275, 3301, 3299,
    3271, 3304, 3369, 3358, 3365, 3411, 3422, 3407, 3404, 3413, 3393, 3422, 3407, 3403, 3434, 3430,
    3399, 3421, 3427, 3375, 3326, 3344, 3355, 3380, 3419, 3396, 3355, 3359, 3369, 3362, 3346, 3351,
    3408, 3394, 3339, 3332, 3363, 3355, 3333, 3341, 3360, 3335, 3270, 3259, 3286, 3319, 3286, 3243,
    3230, 3224, 3255, 3237, 3198, 3187, 3189, 3174, 3220, 3246, 3189, 3123, 3116, 3197, 3257, 3215,
    3170, 3152, 3168, 3173, 3233, 3205, 3138, 3167, 3172, 3178, 3187, 3156, 3142, 3196, 3194, 3178,
    3201, 3193, 3167, 3186, 3255, 3231, 3189, 3166, 3176, 3220, 3250, 3242, 3229, 3224, 3237, 3246,
    3291, 3306, 3243, 3200, 3239, 3316, 3321, 3291, 3305, 3315, 3297, 3301, 3320, 3344, 3382, 3386,
    3350, 3332, 3357, 3352, 3343, 3423, 3496, 3494, 3496, 3481, 3455, 3463, 3474, 3474, 3473, 3469,
    3462, 3443, 3417, 3438, 3460, 3478, 3524, 3570, 3539, 3480, 3473, 3483, 3470, 3436, 3417, 3423,
    3403, 3351, 3341, 3378, 3385, 3346, 3342, 3357, 3345, 3307, 3306, 3288, 3286, 3305, 3278, 3240,
    3182, 3149, 3160, 3124, 3125, 3056, 3024, 2967, 2958, 2885, 2834, 2870, 2749, 2695, 2541, 2447,
    2231, 2075, 1945, 1742, 1628, 1496, 1364, 1231, 1264, 1143, 1136, 1129, 1061, 1066,  981,  975,
     937,  894,  871,  875,  829,  749,  705,  706,  723,  723,  689,  644,  652,  667,  656,  667,
     673,  647,  639,  650,  646,  619,  590,  599,  629,  642,  626,  587,  558,  556,  571,  578,
     560,  547,  545,  544,  548,  553,  549,  555,  569,  568,  555,  519,  488,  512,  568,  612,
     617,  596,  589,  620,  659,  658,  632,  624,  643,  653,  649,  646,  644,  656,  648,  634,
     640,  641,  618,  639,  682,  683,  677,  675,  666,  682,  704,  708,  722,  744,  747,  725,
     736,  774,  800,  817,  815,  814,  845,  856,  862,  893,  914,  915,  931,  973,  998, 1004,
    1038, 1068, 1098, 1110, 1135, 1187, 1216, 1221, 1252, 1274, 1323, 1359, 1413, 1418, 1498, 1520,
    1559, 1575, 1794, 2026, 2341, 2327, 2092, 1846, 2272, 2123, 2275, 2408, 2414, 2430, 2393, 2300,
    2185, 1946, 1743, 1628, 1580, 1523, 1473, 1407, 1356, 1314, 1274, 1233, 1212, 1189, 1173, 1143,
    1137, 1138, 1113, 1080, 1088, 1072, 1056, 1051, 1055, 1035, 1038, 1030, 1029, 1025, 1040, 1043,
    1046, 1051, 1064, 1077, 1078, 1096, 1098, 1108, 1120, 1130, 1150, 1169, 1186, 1217, 1238, 1266,
    1288, 1306, 1351, 1387, 1428, 1490, 1539, 1590, 1677, 1810, 2161, 2348, 2439, 2510, 2550, 2593,
    2638, 2667, 2688, 2707, 2733, 2738, 2756, 2759, 2774, 2772, 2798, 2795, 2798, 2788, 2784, 2771,
    2755, 2741, 2714, 2696, 2685, 2646, 2611, 2587, 2555, 2514, 2466, 2420, 2370, 2368, 2394, 2436,
    2473, 2497, 2518, 2524, 2533, 2542, 2530, 2512, 2482, 2402, 2238, 1823, 1714, 1658, 1623, 1583,
    1552, 1517, 1493, 1480, 1462, 1433, 1419, 1400, 1383, 1364, 1348, 1335, 1327, 1316, 1309, 1306,
    1300, 1299, 1296, 1288, 1295, 1290, 1301, 1309, 1320, 1337, 1345, 1358, 1372, 1395, 1408, 1435,
    1461, 1494, 1530, 1566, 1611, 1686, 1744, 1835, 2186, 2369, 2454, 2516, 2559, 2588, 2620, 2642,
    2663, 2683, 2690, 2693, 2694, 2687, 2685, 2671, 2660, 2646, 2628, 2604, 2583, 2550, 2514, 2471,
    2415, 2341, 2237, 1860, 1843, 1913, 1882, 1903, 1901, 2250, 2389, 2370, 2480, 2407, 2535, 2475,
    2457, 2445, 2458, 2406, 2430, 2369, 2364, 2331, 2159, 1718, 1757, 1721, 1598, 1545, 1581, 1562,
    1489, 1469, 1453, 1505, 1479, 1477, 1453, 1489, 1516, 1487, 1479, 1494, 1566, 1558, 1610, 1608,
    1654, 1724, 1854, 2192, 2327, 2391, 2408, 2400, 2433, 2453, 2416, 2438, 2409, 2409, 2405, 2370,
    2375, 2354, 2324, 2230, 1848, 1750, 1700, 1671, 1676, 1688, 1680, 1681, 1698, 1730, 1828, 2217,
    2250, 2224, 1906, 1876, 2178, 2277, 2285, 2242, 1971, 1832, 1810, 1806, 1827, 1934, 2235, 2275,
    2257, 2202, 1902, 1857, 1890, 2180, 1944, 1965, 1993, 1969, 2090, 1837, 2261, 1869, 1993, 1470,
    2139, 2472, 1518, 1610, 1781, 1718, 1649,  954, 1135, 1164, 1132, 1584, 1861, 2520, 1836, 2304,
    2981, 2610, 2541, 2559, 3046, 2878, 2425, 1878, 1909, 2482, 2825, 3264, 3569, 3522, 3496, 3470,
    3180, 3172, 3480, 3377, 3229, 3153, 3221, 3588, 3944, 4075, 4065, 4076, 4072, 4074, 4022, 3783,
    3715, 3951, 4077, 4073, 4082, 4080, 4085, 4039, 4040, 4075, 4076, 4074, 4089, 4075, 4037, 3786,
    3456, 3387, 3525, 3717, 3904, 4058, 4082, 4049, 3746, 3412, 3458, 3469, 3386, 3435, 3534, 3478,
    3169, 2966, 2815, 2451, 2435, 2743, 2878, 2634, 2416, 2427, 2397, 2407, 2351, 2088, 1732, 1639,
    1892, 1931, 1582, 1426, 1415, 1041,  771,  911, 1066,  906,  611,  717, 1106, 1160, 1162, 1201,
    1102,  811,  552,  618,  652,  358,   92,   43,   67,   72,   42,   17,   18,   22,   75,  245,
     444,  434,  249,  147,   81,   34,   15,   43,   92,  133,  134,   97,   37,   25,   53,  100,
     147,  110,   66,   28,   16,    7,   13,   35,   46,   32,   10,    6,    8,   22,   59,   80,
      85,   68,   40,   18,    7,   15,   20,   12,    9,    8,   12,    9,    5,    9,    8,    2,
      13,   33,   63,   45,   24,    7,    5,    4,    1,    0,    4,   13,    8,    4,    0,    0,
       0,    0,    2,    5,   11,   18,   19,   15,    9,    5,   10,   28,   25,    7,    1,   17,
      30,   28,   24,   41,   83,  103,  137,  162,  155,  120,   92,   88,  103,  119,   99,   91,
     129,  194,  277,  333,  337,  372,  537,  779,  904,  847,  798,  889, 1062, 1224, 1290, 1328,
    1480, 1777, 2122, 2299, 2211, 2090, 2181, 2443, 2694, 2821, 2851, 2871, 2894, 2948, 3069, 3126,
    3139, 3263, 3365, 3383, 3402, 3417, 3537, 3699, 3633, 3409, 3360, 3541, 3653, 3633, 3712, 3805,
    3782, 3672, 3643, 3776, 3865, 3903, 3925, 3906, 3835, 3815, 3876, 3902, 3868, 3831, 3821, 3838,
    3855, 3871, 3885, 3887, 3871, 3849, 3850, 3905, 3933, 3913, 3845, 3740, 3624, 3638, 3659, 3658,
    3660, 3716, 3787, 3821, 3829, 3833, 3853, 3897, 3907, 3872, 3780, 3663, 3618, 3736, 3811, 3841,
    3867, 3914, 3959, 3979, 4001, 4029, 4011, 3973, 3980, 4014, 4002, 3925, 3879, 3936, 4013, 4032,
    4043, 4052, 4016, 3999, 4048, 4005, 3822, 3674, 3638, 3698, 3768, 3709, 3617, 3627, 3598, 3539,
    3573, 3553, 3362, 3126, 2949, 2794, 2682, 2685, 2722, 2685, 2609, 2528, 2383, 2228, 2129, 2003,
    1838, 1681, 1579, 1571, 1523, 1399, 1321, 1181,  895,  687,  606,  541,  558,  553,  413,  364,
     432,  416,  307,  214,  183,  191,  177,  217,  292,  274,  217,  192,  172,  188,  229,  256,
     242,  196,  173,  201,  247,  258,  229,  194,  183,  181,  196,  215,  236,  253,  259,  211,
     172,  150,  145,  141,  154,  173,  192,  206,  214,  216,  210,  206,  209,  220,  237,  239,
     228,  202,  172,  154,  147,  143,  118,   93,   89,  106,  109,   98,   88,   85,   93,  116,
     132,  114,   94,   92,  118,  117,  100,   78,   70,   85,  105,  114,  105,   81,   67,   71,
      93,  103,   90,   63,   47,   50,   50,   54,   72,   74,   63,   80,   97,   89,   81,  102,
     147,  192,  205,  233,  359,  525,  617,  623,  675,  823,  930,  981, 1053, 1153, 1221, 1202,
    1208, 1343, 1495, 1556, 1608, 1713, 1845, 2021, 2206, 2342, 2389, 2339, 2300, 2343, 2500, 2727,
    2886, 2922, 2869, 2821, 2833, 2913, 3031, 3096, 3168, 3358, 3585, 3691, 3661, 3647, 3686, 3722,
    3757, 3812, 3934, 4060, 4084, 4089, 4079, 4060, 4067, 4081, 4085, 4082, 4081, 4083, 4084, 4083,
    4082, 4082, 4083, 4078, 4070, 4074, 4083, 4090, 4088, 4086, 4084, 4083, 4085, 4087, 4087, 4082,
    4073, 4066, 4062, 4067, 4070, 4072, 4068, 4070, 4076, 4083, 4087, 4088, 4084, 4083, 4087, 4087,
    4086, 4083, 4078, 4073, 4070, 4069, 4071, 4077, 4082, 4083, 4083, 4083, 4080, 4075, 4064, 4057,
    4051, 4055, 4063, 4078, 4082, 4081, 4073, 4068, 4070, 4076, 4084, 4087, 4088, 4087, 4088, 4088,
    4087, 4086, 4087, 4084, 4081, 4080, 4085, 4089, 4087, 4088, 4088, 4089, 4089, 4088, 4087, 4088,
    4089, 4090, 4090, 4089, 4083, 4080, 4080, 4086, 4087, 4086, 4082, 4085, 4087, 4086, 4079, 4077,
    4077, 4079, 4088, 4088, 4084, 4083, 4087, 4081, 4084, 4086, 4085, 4084, 4087, 4090, 4083, 3972,
    3893, 3932, 3964, 3903, 3812, 3761, 3736, 3663, 3539, 3459, 3494, 3506, 3432, 3376, 3299, 3184,
    3170, 3198, 3071, 2964, 2979, 2937, 2873, 2779, 2720, 2657, 2457, 2361, 2432, 2296, 2135, 2165,
    2011, 1945, 1776, 1702, 1480, 1478, 1281, 1242, 1105, 1118, 1116,  996,  879,  786,  845,  778,
     624,  540,  441,  472,  580,  601,  488,  377,  376,  408,  458,  460,  409,  342,  380,  355,
     390,  421,  370,  384,  435,  458,  407,  487,  543,  499,  471,  488,  504,  457,  497,  654,
     782,  653,  510,  569,  773,  843,  829,  835,  816,  801,  676,  635,  802,  857,  774,  873,
     956, 1024,  809, 1081, 1109, 1227, 1426, 1814, 1826, 1927, 2090, 2071, 2312, 2509, 2731, 2707,
    2315, 2159, 2227, 1888, 2023, 1932, 1552, 1573, 1561, 1353, 1136, 1193,  965, 1021,  951,  860,
     792,  743,  891,  744,  670,  835,  780,  574,  519,  623,  594,  497,  386,  203,  235,  358,
     339,  199,   63,  135,  328,  357,  252,  163,  167,  278,  379,  390,  404,  445,  393,  246,
     168,  264,  435,  483,  380,  326,  395,  452,  482,  513,  486,  411,  359,  383,  451,  483,
     444,  376,  322,  262,  229,  262,  330,  416,  473,  455,  387,  333,  308,  306,  344,  400,
     431,  437,  402,  358,  385,  429,  428,  430,  438,  432,  438,  453,  463,  436,  342,  323,
     467,  586,  599,  579,  538,  481,  426,  441,  452,  481,  611,  700,  714,  674,  689,  644,
     703,  924,  945,  743,  756,  823,  806,  988, 1092, 1275, 1203, 1252, 1362, 1448, 1365, 1342,
    1577, 1577, 1730, 1564, 1686, 1573, 1669, 1580, 1584, 1454, 1494, 1852, 1805, 1823, 1858, 2117,
    2329, 2473, 2670, 2688, 2834, 2731, 2809, 2875, 3094, 2938, 3058, 3036, 3079, 3096, 3182, 3250,
    3239, 3298, 3360, 3330, 3259, 3318, 3477, 3476, 3369, 3309, 3328, 3379, 3407, 3396, 3446, 3530,
    3613, 3618, 3561, 3570, 3597, 3597, 3622, 3664, 3721, 3764, 3733, 3689, 3675, 3695, 3776, 3841,
    3828, 3814, 3849, 3897, 3922, 3922, 3902, 3869, 3866, 3885, 3893, 3889, 3888, 3905, 3944, 3969,
    3962, 3921, 3853, 3783, 3765, 3756, 3732, 3681, 3676, 3754, 3848, 3921, 3920, 3882, 3841, 3809,
    3802, 3790, 3783, 3787, 3852, 3902, 3925, 3884, 3848, 3829, 3835, 3871, 3911, 3949, 3929, 3882,
    3832, 3841, 3890, 3946, 3977, 3994, 4008, 4025, 4036, 4043, 4045, 4028, 4008, 3988, 4001, 4026,
    4062, 4076, 4084, 4089, 4086, 4076, 4055, 4058, 4070, 4083, 4084, 4081, 4086, 4089, 4090, 4089,
    4089, 4090, 4088, 4083, 4076, 4074, 4071, 4067, 4058, 4053, 4067, 4077, 4085, 4088, 4090, 4090,
    4088, 4087, 4089, 4089, 4088, 4088, 4088, 4087, 4089, 4090, 4090, 4083, 4074, 4077, 4081, 4086,
    4088, 4089, 4086, 4083, 4080, 4080, 4080, 4077, 4080, 4087, 4089, 4090, 4090, 4090, 4090, 4086,
    4083, 4085, 4086, 4085, 4086, 4088, 4089, 4090, 4090, 4089, 4081, 4064, 4068, 4082, 4087, 4090,
    4089, 4089, 4089, 4086, 4086, 4089, 4089, 4087, 4084, 4084, 4086, 4087, 4088, 4089, 4089, 4089,
    4089, 4088, 4088, 4089, 4090, 4090, 4089, 4086, 4086, 4087, 4089, 4090, 4090, 4090, 4090, 4089,
    4089, 4090, 4080, 4068, 4060, 4060, 4064, 4074, 4081, 4084, 4085, 4085, 4086, 4085, 4084, 4087,
    4088, 4089, 4089, 4090, 4090, 4088, 4086, 4087, 4088, 4089, 4090, 4089, 4086, 4078, 4079, 4086,
    4086, 4087, 4089, 4087, 4086, 4086, 4081, 4061, 4030, 4038, 4057, 4075, 4031, 3976, 3927, 3921,
    3921, 3913, 3890, 3904, 3924, 3941, 3916, 3885, 3869, 3880, 3918, 3918, 3879, 3804, 3763, 3789,
    3837, 3880, 3898, 3916, 3911, 3888, 3864, 3873, 3894, 3901, 3895, 3881, 3866, 3866, 3893, 3902,
    3884, 3843, 3790, 3742, 3708, 3683, 3678, 3680, 3663, 3651, 3634, 3595, 3555, 3492, 3442, 3482,
    3553, 3561, 3436, 3305, 3282, 3292, 3300, 3308, 3394, 3363, 3313, 3334, 3247, 3133, 3140, 3239,
    3169, 2994, 3036, 2959, 2928, 2898, 2815, 2774, 2749, 2787, 2798, 2622, 2693, 2610, 2784, 2621,
    2489, 2329, 2247, 2242, 2295, 2186, 2006, 1973, 1777, 1619, 1536, 1495, 1334, 1340, 1279, 1262,
    1189, 1047, 1042, 1012,  923,  860,  851,  815,  792,  771,  678,  549,  477,  475,  498,  479,
     393,  296,  249,  222,  155,   73,   44,   67,  101,   81,   36,    8,    0,    1,    0,    1,
       1,    1,    0,    0,    0,    0,    1,    3,    2,    2,    2,    5,    4,    4,    4,    1,
       0,    0,    0,    0,    0,    0,    1,    1,    2,    2,    1,    0,    0,    1,    1,    1,
       1,    1,    1,    2,    5,    7,    7,    4,    0,    0,    0,    0,    1,    2,    2,    2,
       1,    0,    0,    0,    0,    0,    1,    3,    2,    2,    2,    2,    2,    3,    4,    3,
       2,    1,    0,    0,    0,    0,    0,    0,    0,    0,    0,    0,    0,    0,    0,    1,
       1,    2,    3,    2,    2,    1,    1,    2,    3,    3,    4,    5,    6,    4,    3,    2,
       1,    1,    0,    0,    0,    2,    5,    4,    3,    2,    1,    0,    0,    0,    0,    1,
       1,    2,    2,    1,    1,    1,    1,    1,    0,    1,    3,    4,    4,    3,    3,    2,
       3,    3,    3,    3,    3,    4,    5,    4,    3,    2,    1,    1,    1,    3,    7,    7,
       6,    3,    2,    1,    2,    2,    3,    4,    5,    6,    7,    5,    2,    1,    2,    5,
       7,    9,    9,    9,    7,    5,    3,    2,    1,    1,    2,    3,    5,    5,    5,    3,
       2,    3,    4,    5,    5,    5,    5,    4,    2,    2,    3,    7,    8,    8,    5,    3,
       2,    2,    4,    4,    3,    3,    2,    3,    2,    2,    2,    1,    1,    2,    4,    4,
       4,    2,    2,    1,    2,    3,    3,    3,    3,    4,    5,    5,    3,    1,    0,    1,
       1,    2,    2,    1,    0,    0,    0,    1,    2,    2,    2,    1,    1,    0,    0,    1,
       2,    1,    0,    1,    1,    2,    2,    3,    3,    1,    1,    0,    1,    3,    6,    6,
       5,    3,    1,    0,    0,    0,    1,    2,    3,    2,    1,    0,    0,    4,   12,   25,
      30,   33,   39,   66,  108,  155,  196,  227,  235,  225,  204,  193,  212,  249,  282,  298,
     292,  299,  337,  359,  360,  349,  331,  312,  320,  364,  404,  432,  478,  522,  552,  570,
     562,  547,  546,  554,  559,  564,  616,  711,  760,  780,  792,  807,  854,  868,  927, 1000,
     996,  982,  967,  915,  998, 1055, 1070, 1241, 1149, 1246, 1301, 1359, 1565, 1607, 1778, 1940,
    2200, 2327, 2551, 2533, 2641, 2621, 2625, 2649, 2684, 2646, 2726, 2639, 2570, 2451, 2480, 2495,
    2548, 2519, 2573, 2655, 2641, 2612, 2686, 2736, 2699, 2803, 2814, 2844, 2909, 2785, 2852, 2892,
    2884, 2916, 2997, 3017, 2987, 3027, 3134, 3129, 3147, 3207, 3171, 3189, 3252, 3228, 3283, 3325,
    3253, 3227, 3282, 3293, 3274, 3302, 3291, 3271, 3319, 3369, 3355, 3366, 3418, 3421, 3403, 3409,
    3411, 3394, 3424, 3405, 3408, 3435, 3421, 3398, 3430, 3423, 3357, 3322, 3352, 3364, 3394, 3422,
    3385, 3351, 3361, 3367, 3359, 3347, 3367, 3416, 3383, 3339, 3348, 3365, 3353, 3337, 3347, 3357,
    3326, 3263, 3266, 3298, 3317, 3278, 3242, 3228, 3227, 3256, 3234, 3193, 3187, 3185, 3174, 3232,
    3233, 3177, 3114, 3125, 3214, 3246, 3210, 3164, 3148, 3172, 3175, 3246, 3183, 3141, 3166, 3165,
    3178, 3191, 3151, 3150, 3199, 3186, 3182, 3199, 3186, 3158, 3197, 3257, 3217, 3188, 3164, 3183,
    3231, 3252, 3239, 3222, 3226, 3236, 3253, 3306, 3299, 3228, 3194, 3261, 3322, 3312, 3293, 3311,
    3307, 3293, 3304, 3319, 3350, 3388, 3382, 3342, 3333, 3359, 3342, 3356, 3451, 3504, 3494, 3499,
    3474, 3457, 3463, 3470, 3468, 3471, 3470, 3462, 3433, 3418, 3448, 3463, 3480, 3536, 3570, 3523,
    3476, 3476, 3480, 3462, 3431, 3423, 3427, 3388, 3339, 3350, 3387, 3377, 3340, 3343, 3357, 3335,
    3306, 3305, 3286, 3294, 3297, 3270, 3229, 3163, 3160, 3151, 3125, 3110, 3052, 3010, 2968, 2954,
    2870, 2839, 2833, 2746, 2675, 2521, 2408, 2200, 2047, 1857, 1739, 1598, 1475, 1347, 1210, 1252,
    1128, 1149, 1099, 1067, 1043,  980,  966,  932,  887,  869,  866,  810,  736,  701,  706,  718,
     722,  680,  640,  658,  665,  651,  669,  672,  641,  636,  652,  640,  609,  589,  602,  630,
     639,  616,  575,  553,  557,  575,  576,  553,  544,  544,  543,  548,  552,  547,  552,  567,
     564,  548,  512,  485,  510,  567,  612,  614,  592,  591,  624,  660,  656,  629,  623,  642,
     648,  645,  644,  643,  654,  646,  635,  639,  635,  616,  642,  680,  681,  676,  673,  665,
     679,  701,  708,  723,  744,  749,  725,  731,  770,  798,  814,  814,  813,  841,  855,  863,
     894,  912,  913,  930,  971,  998, 1002, 1033, 1068, 1095, 1107, 1136, 1178, 1218, 1215, 1249,
    1271, 1324, 1350, 1415, 1414, 1503, 1504, 1548, 1591, 1784, 1996, 2282, 2306, 2108, 1818, 2271,
    2115, 2298, 2401, 2419, 2427, 2399, 2291, 2188, 1951, 1747, 1636, 1584, 1525, 1476, 1408, 1360,
    1314, 1275, 1234, 1211, 1191, 1174, 1143, 1137, 1137, 1114, 1081, 1090, 1073, 1057, 1050, 1054,
    1035, 1037, 1031, 1030, 1025, 1039, 1041, 1045, 1051, 1064, 1077, 1078, 1093, 1097, 1108, 1119,
    1129, 1148, 1169, 1185, 1215, 1236, 1265, 1286, 1302, 1350, 1383, 1426, 1487, 1535, 1581, 1669,
    1798, 2105, 2342, 2433, 2505, 2546, 2594, 2638, 2665, 2687, 2706, 2733, 2737, 2756, 2758, 2776,
    2771, 2798, 2795, 2800, 2789, 2786, 2772, 2758, 2743, 2717, 2702, 2688, 2651, 2619, 2593, 2559,
    2521, 2468, 2420, 2375, 2355, 2389, 2433, 2465, 2491, 2518, 2524, 2531, 2540, 2534, 2515, 2489,
    2415, 2265, 1843, 1726, 1664, 1627, 1589, 1556, 1521, 1495, 1482, 1466, 1436, 1421, 1402, 1385,
    1365, 1349, 1337, 1328, 1318, 1310, 1305, 1301, 1298, 1297, 1287, 1295, 1291, 1299, 1308, 1317,
    1337, 1344, 1355, 1371, 1393, 1408, 1432, 1457, 1491, 1526, 1562, 1606, 1676, 1739, 1825, 2119,
    2354, 2446, 2510, 2556, 2586, 2615, 2641, 2660, 2682, 2689, 2692, 2695, 2688, 2685, 2673, 2662,
    2647, 2629, 2609, 2588, 2555, 2519, 2479, 2425, 2353, 2254, 1885, 1839, 1901, 1893, 1906, 1889,
    2205, 2321, 2430, 2412, 2513, 2485, 2486, 2455, 2445, 2470, 2432, 2405, 2371, 2383, 2371, 2192,
    1709, 1724, 1660, 1623, 1555, 1595, 1568, 1499, 1458, 1442, 1505, 1490, 1478, 1453, 1488, 1509,
    1485, 1477, 1495, 1566, 1552, 1611, 1604, 1651, 1717, 1820, 2192, 2313, 2398, 2396, 2405, 2430,
    2454, 2414, 2439, 2410, 2408, 2403, 2369, 2376, 2355, 2323, 2231, 1846, 1749, 1699, 1669, 1678,
    1689, 1680, 1680, 1697, 1731, 1828, 2218, 2250, 2220, 1906, 1876, 2182, 2275, 2288, 2249, 1962,
    1834, 1811, 1805, 1828, 1931, 2236, 2264, 2262, 2200, 1901, 1854, 1900, 2183, 1949, 1960, 1988,
    1970, 2054, 2040, 2036, 1903, 1859, 1825, 1922, 1883, 1857, 1453,  773,  339,  247,  154,  291,
     382,  573,  741, 1062, 1427, 1453, 1501, 1500, 1347, 1218,  972,  751,  859, 1107, 1424, 1687,
    1826, 1908, 2024, 2350, 3001, 3690, 3941, 3870, 3410, 2881, 2412, 2106, 1903, 1698, 1517, 1376,
    1391, 1621, 1965, 2227, 2288, 2228, 2240, 2439, 2810, 3269, 3707, 3994, 4081, 4088, 4088, 4059,
    4026, 4026, 4062, 4088, 4087, 4086, 4090, 4090, 4089, 4086, 4086, 4087, 4087, 4085, 4087, 4088,
    4088, 4089, 4088, 4088, 4088, 4088, 4090, 4090, 4090, 4090, 4088, 4086, 4087, 4087, 4089, 4089,
    4090, 4088, 4054, 4010, 3955, 3846, 3703, 3538, 3355, 3176, 3005, 2826, 2644, 2450, 2216, 1976,
    1773, 1578, 1379, 1203, 1086,  974,  792,  615,  488,  360,  250,  257,  342,  440,  572,  823,
    1083, 1308, 1529, 1824, 2172, 2341, 2446, 2585, 2591, 2516, 2592, 2797, 2882, 2828, 2741, 2673,
    2653, 2667, 2699, 2655, 2472, 2180, 1815, 1421, 1057,  751,  515,  399,  376,  343,  257,  166,
     116,   85,   65,   40,   14,    3,    1,    4,    4,    3,    3,    4,    4,    6,    2,    1,
       0,    1,    3,    5,    4,    2,    2,    1,    0,    0,    1,    1,    0,    0,    0,    2,
       2,    0,    0,    0,    0,    0,    0,    0,    0,    0,    0,    1,    2,    3,    3,    2,
       1,    0,    0,    1,    2,    2,    3,    4,    3,   12,   35,   65,  104,  168,  223,  272,
     323,  372,  413,  450,  468,  457,  449,  454,  461,  451,  420,  385,  366,  352,  326,  321,
     346,  390,  434,  481,  551,  645,  733,  809,  871,  934, 1009, 1096, 1198, 1322, 1463, 1595,
    1690, 1781, 1895, 1993, 2073, 2150, 2238, 2356, 2507, 2658, 2771, 2874, 2990, 3099, 3207, 3315,
    3428, 3560, 3704, 3814, 3893, 3992, 4062, 4084, 4084, 4083, 4085, 4082, 4084, 4084, 4082, 4081,
    4083, 4083, 4083, 4082, 4082, 4083, 4087, 4083, 4082, 4086, 4090, 4090, 4090, 4085, 4081, 4081,
    4087, 4088, 4088, 4087, 4086, 4088, 4090, 4090, 4090, 4089, 4085, 4084, 4085, 4089, 4090, 4089,
    4086, 4082, 4079, 4080, 4083, 4087, 4089, 4090, 4089, 4088, 4087, 4088, 4088, 4086, 4081, 4078,
    4080, 4081, 4082, 4082, 4083, 4086, 4086, 4087, 4089, 4090, 4090, 4090, 4089, 4086, 4087, 4087,
    4084, 4083, 4084, 4089, 4090, 4090, 4089, 4089, 4090, 4087, 4087, 4087, 4088, 4086, 4087, 4089,
    4090, 4090, 4089, 4087, 4080, 4080, 4080, 4081, 4082, 4079, 4074, 4073, 4075, 4079, 4084, 4086,
    4086, 4079, 4071, 4065, 4060, 4045, 4014, 4005, 3990, 3890, 3781, 3710, 3639, 3587, 3559, 3539,
    3510, 3438, 3297, 3122, 2979, 2878, 2751, 2548, 2318, 2117, 1937, 1751, 1608, 1533, 1456, 1390,
    1325, 1219, 1137, 1127, 1143, 1149, 1143, 1111, 1075, 1062, 1033,  966,  907,  862,  807,  762,
     760,  831,  950, 1007,  914,  751,  624,  472,  299,  191,  138,   95,   65,   42,   21,   28,
      74,   97,   37,    3,    0,    5,   12,   15,    9,    3,    3,    4,    5,    5,    4,    5,
       7,   13,   22,   12,    6,   13,   66,  101,  115,   90,   64,   40,   18,    9,    5,    6,
       7,    7,    9,   14,   15,   11,    5,    1,    4,   10,   16,   16,   12,    6,    2,    0,
       1,    2,    3,    1,    0,    0,    6,   12,   17,   15,    8,    3,    0,    0,    7,   18,
      22,   23,   20,   16,   13,    9,    9,   11,   10,    9,    9,   10,    9,    3,    2,    4,
       5,    6,    8,   16,   17,   16,   18,   19,   18,   12,   11,   12,   16,   20,   22,   21,
      14,   15,   16,   18,   19,   16,   12,    8,   11,    9,    5,    2,    0,    1,    8,   17,
      12,   14,   13,   11,   48,  161,  267,  349,  433,  492,  532,  483,  384,  432,  579,  694,
     782,  842,  892,  968, 1038, 1097, 1088, 1079, 1175, 1217, 1132, 1130, 1185, 1203, 1253, 1198,
    1081, 1097, 1164, 1173, 1115, 1081, 1168, 1303, 1334, 1372, 1487, 1622, 1785, 1831, 1933, 2165,
    2308, 2424, 2647, 2861, 3059, 3395, 3706, 3749, 3647, 3633, 3733, 3869, 3966, 4006, 4026, 4039,
    4041, 4042, 4043, 4027, 3989, 3962, 3965, 3981, 4002, 4025, 4028, 4008, 4021, 4045, 4035, 4010,
    3998, 4010, 4024, 4027, 4017, 4003, 3994, 3988, 3966, 3951, 3945, 3945, 3938, 3945, 3966, 3998,
    3992, 3964, 3918, 3891, 3866, 3839, 3782, 3728, 3680, 3687, 3723, 3790, 3838, 3877, 3906, 3971,
    4030, 4072, 4074, 4071, 4073, 4080, 4086, 4083, 4075, 4065, 4058, 4029, 3977, 3857, 3778, 3743,
    3862, 3979, 4080, 4085, 4085, 4081, 4083, 4085, 4081, 4049, 4005, 3973, 3980, 4015, 4051, 4081,
    4085, 4086, 4086, 4083, 4081, 4080, 4081, 4083, 4087, 4086, 4078, 4059, 4063, 4077, 4082, 4080,
    4080, 4088, 4084, 4077, 4078, 4077, 4067, 4045, 4016, 3992, 4022, 4073, 4078, 4062, 3955, 3792,
    3712, 3701, 3670, 3523, 3367, 3487, 3777, 3919, 3797, 3510, 3372, 3392, 3243, 2908, 2577, 2367,
    2254, 2263, 2292, 2206, 2117, 2031, 1899, 1783, 1665, 1626, 1773, 1875, 1939, 2198, 2448, 2402,
    2195, 2089, 2035, 1792, 1398, 1085,  988, 1077, 1014,  736,  506,  426,  429,  434,  390,  225,
      48,    2,   11,   78,  194,  236,  226,  268,  322,  319,  274,  207,  146,  118,   75,   42,
      49,   82,  106,   96,   47,   19,   32,   46,   44,   23,   14,   15,    9,    0,    0,    0,
       0,    6,   25,   53,   67,   81,  110,  179,  230,  256,  250,  229,  203,  172,  143,   94,
      43,    1,    1,    4,    5,    4,    6,    4,    2,    0,    0,    0,    1,    2,    2,   20,
     124,  241,  268,  297,  331,  298,  160,   43,   57,  149,  257,  325,  362,  428,  532,  536,
     378,  220,  165,  224,  353,  498,  698,  939, 1020,  858,  781,  959, 1219, 1268, 1358, 1083,
    1122, 1055, 1157, 1383, 1302, 1351, 1638, 1649, 1931, 1915, 1743, 1795, 1944, 2180, 2270, 2705,
    2492, 2870, 3044, 3081, 3262, 3260, 3542, 3579, 3577, 3137, 2995, 2981, 2846, 3048, 3070, 3036,
    2982, 2873, 2836, 2872, 2980, 3324, 3729, 3877, 3727, 3599, 3612, 3584, 3513, 3457, 3442, 3500,
    3575, 3645, 3705, 3675, 3551, 3448, 3393, 3421, 3563, 3693, 3724, 3697, 3684, 3761, 3930, 4069,
    4085, 4070, 4078, 4089, 4089, 4044, 3991, 4034, 4080, 4067, 4017, 3976, 3979, 4021, 4050, 4055,
    4064, 4076, 4031, 3945, 3920, 3935, 3889, 3821, 3806, 3785, 3789, 3914, 4002, 3994, 3986, 3973,
    3934, 3922, 3953, 3935, 3695, 3335, 3153, 3198, 3364, 3246, 2740, 2292, 2086, 1904, 1927, 2120,
    2204, 1975, 1629, 1646, 1942, 1830, 1780, 1363, 1118,  977, 1573, 2522, 2130, 2029, 1987, 1079,
     800,  950,  966, 1434, 1019,  376,  811, 1217,  656, 1428,  846, 1169,  658,  655, 1208, 2015,
     846, 1582, 1875, 1384, 1850, 1542, 2213, 1615, 1209, 2496, 2001, 1461, 2165, 2931, 2111, 2064,
    2591, 3188, 3080, 2244, 2100, 1567, 2447, 2865, 2918, 3311, 3897, 3204, 3171, 3125, 3029, 3074,
    3157, 3141, 3329, 2929, 2589, 2725, 3337, 2451, 1986, 2085, 1828, 2452, 1791, 1340, 1572, 2292,
    1981, 2138, 1536, 2728, 2787, 2398, 1916, 1934, 1307,  931,  671,  794,  991,  880,  817,  304,
     268,  590,  473,  444,  509,  743,  936,  944,  750, 1038, 1508, 2009, 2138, 2484, 2576, 2848,
    2993, 2817, 3035, 2503, 2782, 2747, 2665, 2076, 2573, 2008, 2460, 2639, 2310, 2663, 2133, 2013,
    1926, 1545, 2018, 1251, 1634, 1320, 1285, 1599, 1590, 1636, 1104, 1426, 1266, 1515, 1846, 1698,
    1176, 2241, 2748, 2633, 2604, 2284, 2557, 1586, 1672, 1401, 2772, 2021, 2542, 1997, 1671, 1497,
    1224, 2720, 2743, 2225, 1773,  923,  537, 1250, 2273, 1733, 1105, 1465, 1521, 1952, 2285, 1779,
    1964, 2166, 2972, 1868, 3088, 2540, 1965, 2020, 2556, 2153, 1995, 1840, 1397, 1370, 1577, 1321,
    1986, 1619, 1433, 1755, 1654, 1314, 1038, 1188, 1904, 2011, 2519, 2150, 2789, 2079, 2870, 2555,
    2504, 2323, 2491, 2515, 2825, 2598, 2562, 2590, 2284, 2369, 1446, 2073, 1741, 1416, 1545, 1453,
    2141, 1699, 2348, 2756, 2476, 2341, 2378, 2202, 2518, 2263, 1988, 1578, 1861, 1727, 2079, 2255,
    2767, 2610, 2510, 2398, 2190, 2587, 2099, 2047, 1660, 1505, 1539, 1550, 2190, 1767, 1601, 2781,
    2563, 1345, 1543, 2428, 2881, 2936, 2502, 2205, 2256, 2474, 1922, 1843, 1908, 1490, 1481, 1676,
    1208, 1424, 1336, 2084, 1896, 2170, 2341, 2396, 2615, 2681, 2334, 2041, 1990, 1873, 1343, 1428,
    1570, 1534, 1787, 1567, 1810, 1992, 2263, 2513, 2095, 2091, 1618, 1564, 1543, 1703, 1646, 1656,
    2030, 2253, 2420, 2239, 1944, 1798, 1630, 1738, 1884, 2273, 2559, 2321, 2610, 1945, 1866, 1744,
    1686, 1964, 2169, 2519, 2440, 2399, 1956, 1724, 2222, 2465, 2295, 1882, 2181, 2274, 2027, 2201
};

======================================================================
USAGE INSTRUCTIONS:
======================================================================
1. Copy the #define line to the /* USER CODE BEGIN PD */ section
2. Copy the uint32_t array to the /* USER CODE BEGIN PV */ section
3. Update your code to use this LUT
