======================================================================
C ARRAY FOR GUITAR
Generated from: guitar.wav
Resolution: 8192 samples (32.00KB)
======================================================================

// Add this define to your main.c
#define NS_GUITAR  8192

// Guitar: 8192 samples, 32,768 bytes (32.00KB)
uint32_t Guitar_LUT[NS_GUITAR] = {
    2048, 2165, 2043, 2021, 1835, 1753, 1825, 1803, 1763, 1786, 1893, 1994, 2125, 2174, 2191, 2150,
    2193, 2249, 2240, 2324, 2372, 2382, 2397, 2428, 2408, 2526, 2571, 2485, 2509, 2553, 2550, 2488,
    2423, 2456, 2477, 2420, 2425, 2367, 2280, 2293, 2227, 2215, 2188, 2080, 2047, 1939, 1895, 1902,
    1794, 1792, 1748, 1655, 1648, 1587, 1489, 1490, 1473, 1406, 1388, 1413, 1430, 1411, 1376, 1369,
    1363, 1324, 1301, 1335, 1378, 1363, 1335, 1373, 1408, 1372, 1336, 1361, 1378, 1321, 1256, 1234,
    1232, 1217, 1208, 1223, 1254, 1284, 1309, 1316, 1309, 1315, 1324, 1308, 1301, 1338, 1364, 1355,
    1385, 1441, 1463, 1467, 1519, 1549, 1553, 1603, 1620, 1632, 1650, 1681, 1717, 1734, 1784, 1739,
    1800, 1756, 1849, 1932, 1957, 1949, 2071, 2116, 2118, 2170, 2222, 2258, 2262, 2270, 2252, 2248,
    2296, 2374, 2399, 2435, 2518, 2535, 2536, 2603, 2655, 2630, 2634, 2712, 2770, 2760, 2758, 2798,
    2832, 2825, 2807, 2813, 2830, 2831, 2823, 2825, 2828, 2818, 2816, 2840, 2861, 2853, 2840, 2861,
    2901, 2907, 2874, 2854, 2875, 2901, 2887, 2842, 2813, 2825, 2848, 2844, 2823, 2832, 2877, 2909,
    2887, 2841, 2827, 2847, 2860, 2840, 2807, 2794, 2799, 2788, 2750, 2717, 2713, 2724, 2724, 2696,
    2651, 2630, 2622, 2588, 2533, 2506, 2501, 2462, 2386, 2354, 2355, 2318, 2257, 2229, 2199, 2131,
    2069, 2031, 1980, 1920, 1864, 1837, 1840, 1798, 1730, 1713, 1683, 1609, 1597, 1622, 1550, 1494,
    1508, 1474, 1436, 1442, 1424, 1392, 1375, 1365, 1366, 1337, 1305, 1315, 1294, 1273, 1300, 1303,
    1284, 1313, 1336, 1324, 1352, 1382, 1385, 1410, 1441, 1453, 1461, 1467, 1472, 1474, 1465, 1494,
    1537, 1539, 1601, 1653, 1657, 1724, 1716, 1750, 1787, 1770, 1782, 1783, 1765, 1825, 1864, 1963,
    2003, 2035, 2055, 2073, 2118, 2102, 2164, 2169, 2259, 2268, 2338, 2432, 2459, 2513, 2565, 2601,
    2637, 2671, 2705, 2714, 2705, 2728, 2748, 2732, 2729, 2758, 2767, 2751, 2753, 2789, 2810, 2804,
    2807, 2842, 2869, 2859, 2850, 2864, 2871, 2843, 2803, 2797, 2819, 2835, 2824, 2807, 2807, 2812,
    2804, 2786, 2778, 2792, 2787, 2753, 2719, 2717, 2723, 2697, 2668, 2669, 2663, 2621, 2582, 2568,
    2537, 2489, 2447, 2404, 2358, 2313, 2268, 2236, 2214, 2168, 2119, 2106, 2083, 2019, 1972, 1951,
    1901, 1848, 1836, 1817, 1748, 1679, 1648, 1622, 1578, 1536, 1505, 1476, 1436, 1399, 1391, 1390,
    1361, 1333, 1339, 1342, 1322, 1322, 1336, 1322, 1293, 1285, 1285, 1271, 1262, 1271, 1279, 1278,
    1283, 1289, 1290, 1291, 1298, 1305, 1312, 1329, 1349, 1353, 1358, 1384, 1408, 1399, 1389, 1404,
    1416, 1405, 1399, 1426, 1454, 1458, 1474, 1515, 1551, 1570, 1577, 1593, 1624, 1623, 1625, 1645,
    1615, 1617, 1633, 1620, 1630, 1651, 1686, 1699, 1739, 1787, 1824, 1820, 1838, 1880, 1916, 1935,
    1971, 1969, 2015, 2053, 2076, 2101, 2154, 2198, 2252, 2326, 2366, 2406, 2486, 2553, 2585, 2634,
    2695, 2720, 2722, 2740, 2769, 2784, 2779, 2777, 2793, 2809, 2807, 2799, 2814, 2846, 2869, 2873,
    2870, 2876, 2895, 2921, 2939, 2940, 2925, 2912, 2911, 2918, 2918, 2910, 2905, 2914, 2932, 2941,
    2929, 2906, 2897, 2913, 2934, 2930, 2906, 2893, 2899, 2901, 2882, 2857, 2845, 2841, 2835, 2829,
    2821, 2802, 2776, 2758, 2746, 2724, 2691, 2668, 2659, 2636, 2584, 2535, 2516, 2493, 2436, 2393,
    2374, 2345, 2300, 2265, 2240, 2192, 2132, 2107, 2090, 2046, 1988, 1937, 1868, 1812, 1771, 1705,
    1692, 1650, 1628, 1592, 1583, 1563, 1540, 1512, 1511, 1533, 1513, 1550, 1562, 1596, 1631, 1628,
    1645, 1651, 1718, 1760, 1788, 1845, 1833, 1818, 1808, 1822, 1887, 1875, 1917, 1948, 1988, 2033,
    2060, 2138, 2217, 2292, 2378, 2467, 2513, 2569, 2587, 2607, 2634, 2608, 2633, 2648, 2639, 2658,
    2702, 2712, 2739, 2751, 2719, 2732, 2740, 2732, 2719, 2716, 2696, 2687, 2692, 2661, 2636, 2625,
    2604, 2600, 2589, 2545, 2534, 2518, 2463, 2431, 2375, 2315, 2265, 2206, 2143, 2114, 2057, 1992,
    1965, 1920, 1891, 1811, 1759, 1695, 1629, 1574, 1543, 1522, 1508, 1509, 1518, 1525, 1523, 1505,
    1517, 1517, 1528, 1533, 1550, 1563, 1592, 1618, 1630, 1639, 1644, 1674, 1728, 1767, 1809, 1846,
    1845, 1814, 1819, 1843, 1880, 1842, 1847, 1895, 1935, 1965, 2034, 2125, 2216, 2327, 2391, 2469,
    2486, 2530, 2528, 2561, 2571, 2635, 2649, 2657, 2665, 2664, 2672, 2637, 2643, 2618, 2617, 2588,
    2580, 2566, 2536, 2518, 2489, 2474, 2411, 2369, 2294, 2227, 2158, 2089, 2014, 1984, 1927, 1835,
    1720, 1674, 1688, 1729, 1761, 1826, 1938, 2028, 2084, 2016, 2064, 2157, 2310, 2396, 2426, 2420,
    2472, 2487, 2455, 2424, 2378, 2339, 2291, 2264, 2207, 2157, 2077, 2000, 1929, 1849, 1777, 1740,
    1699, 1658, 1593, 1540, 1485, 1469, 1445, 1461, 1479, 1522, 1552, 1562, 1577, 1577, 1603, 1629,
    1670, 1726, 1777, 1814, 1830, 1887, 1975, 2085, 2015, 2004, 2064, 2211, 2333, 2396, 2398, 2454,
    2476, 2452, 2426, 2379, 2332, 2293, 2246, 2190, 2090, 2008, 1903, 1829, 1778, 1712, 1625, 1589,
    1596, 1676, 1721, 1752, 1811, 1900, 2000, 2037, 2142, 2312, 2250, 2191, 2100, 2089, 2164, 2282,
    2365, 2378, 2415, 2387, 2359, 2305, 2240, 2186, 2143, 2070, 1998, 1916, 1833, 1772, 1723, 1688,
    1631, 1581, 1525, 1501, 1487, 1477, 1497, 1533, 1563, 1583, 1593, 1618, 1644, 1676, 1744, 1814,
    1861, 1879, 1942, 2056, 2134, 1965, 2026, 2200, 2318, 2361, 2413, 2420, 2395, 2354, 2292, 2245,
    2181, 2094, 1995, 1892, 1828, 1765, 1677, 1620, 1595, 1645, 1702, 1732, 1779, 1865, 1980, 2031,
    2112, 2263, 2286, 2241, 2126, 2074, 2097, 2215, 2318, 2344, 2393, 2435, 2419, 2394, 2353, 2298,
    2245, 2195, 2116, 2057, 1979, 1897, 1829, 1780, 1741, 1683, 1617, 1560, 1524, 1494, 1478, 1481,
    1505, 1531, 1548, 1559, 1577, 1596, 1623, 1665, 1722, 1792, 1829, 1872, 1915, 1998, 2098, 1971,
    1987, 2058, 2193, 2317, 2372, 2404, 2439, 2489, 2508, 2513, 2498, 2484, 2459, 2419, 2373, 2343,
    2279, 2213, 2145, 2059, 1980, 1919, 1864, 1789, 1699, 1632, 1582, 1583, 1627, 1642, 1658, 1681,
    1729, 1828, 1887, 1937, 2040, 2090, 2018, 2048, 2098, 2206, 2302, 2393, 2421, 2447, 2473, 2507,
    2543, 2560, 2570, 2567, 2563, 2551, 2534, 2515, 2479, 2450, 2424, 2380, 2327, 2273, 2209, 2135,
    2067, 2007, 1953, 1910, 1847, 1777, 1707, 1640, 1584, 1547, 1552, 1565, 1566, 1571, 1570, 1584,
    1598, 1650, 1705, 1741, 1771, 1802, 1844, 1897, 1944, 1926, 1923, 1872, 1895, 1929, 1997, 2094,
    2197, 2302, 2364, 2415, 2444, 2476, 2513, 2550, 2578, 2597, 2607, 2611, 2613, 2606, 2598, 2590,
    2563, 2539, 2524, 2501, 2465, 2422, 2371, 2313, 2242, 2176, 2112, 2067, 2015, 1934, 1850, 1770,
    1696, 1686, 1684, 1678, 1688, 1783, 1840, 1885, 1970, 1971, 1927, 1895, 1927, 1977, 2070, 2170,
    2277, 2349, 2399, 2430, 2463, 2506, 2541, 2572, 2593, 2604, 2613, 2615, 2609, 2612, 2607, 2585,
    2559, 2542, 2526, 2499, 2461, 2418, 2367, 2306, 2237, 2169, 2116, 2074, 2015, 1939, 1863, 1787,
    1711, 1690, 1675, 1655, 1646, 1670, 1739, 1780, 1814, 1853, 1914, 1929, 1870, 1853, 1856, 1779,
    1802, 1834, 1903, 1987, 2108, 2203, 2281, 2331, 2374, 2420, 2465, 2511, 2541, 2564, 2580, 2584,
    2590, 2585, 2566, 2549, 2533, 2513, 2479, 2440, 2390, 2323, 2249, 2177, 2127, 2073, 1993, 1905,
    1805, 1756, 1745, 1751, 1881, 1962, 2038, 1936, 1853, 1895, 1987, 2125, 2240, 2305, 2355, 2402,
    2451, 2488, 2516, 2525, 2534, 2538, 2512, 2487, 2468, 2437, 2398, 2341, 2263, 2174, 2105, 2044,
    1974, 1889, 1804, 1728, 1700, 1698, 1698, 1747, 1841, 1906, 2010, 1985, 1912, 1850, 1900, 2028,
    2176, 2257, 2313, 2375, 2419, 2460, 2480, 2496, 2479, 2452, 2428, 2384, 2330, 2254, 2152, 2070,
    2005, 1926, 1836, 1739, 1687, 1705, 1719, 1739, 1847, 1935, 2059, 2048, 1951, 2045, 2202, 2299,
    2341, 2392, 2431, 2466, 2478, 2488, 2475, 2443, 2414, 2375, 2323, 2261, 2169, 2078, 2008, 1947,
    1872, 1799, 1717, 1651, 1629, 1635, 1647, 1657, 1660, 1725, 1792, 1852, 1919, 2039, 2033, 1918,
    1987, 2154, 2271, 2322, 2376, 2420, 2449, 2465, 2468, 2444, 2413, 2371, 2321, 2260, 2163, 2069,
    1997, 1933, 1854, 1770, 1686, 1638, 1648, 1662, 1682, 1685, 1761, 1839, 1898, 2003, 2120, 1981,
    2013, 2136, 2277, 2336, 2383, 2417, 2456, 2480, 2483, 2494, 2467, 2444, 2413, 2370, 2328, 2267,
    2173, 2085, 2018, 1950, 1880, 1802, 1720, 1653, 1631, 1636, 1655, 1656, 1661, 1726, 1796, 1848,
    1921, 2043, 2032, 1917, 1993, 2165, 2273, 2328, 2385, 2436, 2445, 2459, 2443, 2424, 2391, 2346,
    2292, 2211, 2113, 2037, 1963, 1883, 1797, 1714, 1648, 1646, 1658, 1686, 1684, 1748, 1824, 1887,
    1981, 2128, 1980, 1995, 2128, 2266, 2323, 2380, 2421, 2455, 2470, 2478, 2478, 2453, 2428, 2394,
    2355, 2301, 2217, 2122, 2050, 1979, 1901, 1818, 1732, 1671, 1652, 1667, 1682, 1683, 1744, 1822,
    1881, 1973, 2091, 1935, 1965, 2142, 2250, 2323, 2381, 2416, 2440, 2437, 2413, 2379, 2336, 2286,
    2192, 2097, 2011, 1938, 1858, 1772, 1682, 1654, 1661, 1691, 1692, 1740, 1816, 1890, 1977, 2120,
    1971, 2004, 2158, 2271, 2335, 2378, 2431, 2447, 2461, 2469, 2440, 2422, 2375, 2340, 2283, 2180,
    2097, 2017, 1939, 1860, 1761, 1693, 1677, 1705, 1703, 1751, 1829, 1894, 2008, 2059, 1921, 2045,
    2203, 2280, 2356, 2393, 2423, 2419, 2395, 2357, 2313, 2240, 2135, 2045, 1966, 1880, 1780, 1691,
    1681, 1717, 1712, 1771, 1855, 1926, 2065, 1972, 1954, 2109, 2239, 2308, 2367, 2414, 2434, 2447,
    2429, 2408, 2363, 2337, 2253, 2150, 2063, 1976, 1892, 1778, 1720, 1742, 1747, 1829, 1921, 2053,
    2011, 1909, 2097, 2225, 2304, 2362, 2393, 2384, 2348, 2310, 2231, 2117, 2024, 1930, 1835, 1728,
    1700, 1740, 1752, 1832, 1925, 2048, 2035, 1943, 2120, 2242, 2320, 2371, 2406, 2408, 2393, 2351,
    2321, 2233, 2126, 2026, 1943, 1833, 1740, 1727, 1760, 1791, 1897, 1996, 2116, 1914, 2066, 2210,
    2296, 2353, 2382, 2363, 2318, 2272, 2166, 2064, 1962, 1881, 1770, 1697, 1695, 1735, 1753, 1843,
    1930, 2044, 2081, 1948, 2125, 2245, 2317, 2370, 2405, 2400, 2374, 2334, 2284, 2177, 2079, 1983,
    1894, 1784, 1714, 1730, 1749, 1819, 1917, 2026, 2093, 1932, 2131, 2238, 2318, 2366, 2367, 2327,
    2285, 2194, 2080, 1982, 1897, 1782, 1709, 1704, 1738, 1768, 1863, 1943, 2087, 1968, 2000, 2183,
    2270, 2343, 2383, 2384, 2366, 2322, 2270, 2159, 2053, 1967, 1868, 1760, 1710, 1741, 1752, 1840,
    1937, 2062, 2063, 1980, 2183, 2281, 2338, 2359, 2330, 2291, 2215, 2097, 1994, 1913, 1809, 1724,
    1680, 1718, 1735, 1781, 1879, 1964, 2118, 2002, 2027, 2199, 2292, 2349, 2372, 2352, 2295, 2247,
    2137, 2028, 1940, 1841, 1743, 1691, 1719, 1739, 1787, 1887, 1975, 2139, 2009, 2042, 2211, 2303,
    2340, 2336, 2286, 2226, 2112, 2002, 1914, 1826, 1733, 1674, 1683, 1714, 1728, 1797, 1887, 1967,
    2121, 2056, 2024, 2204, 2295, 2348, 2362, 2338, 2291, 2223, 2116, 2003, 1919, 1819, 1731, 1686,
    1702, 1725, 1760, 1842, 1936, 2057, 2146, 1969, 2166, 2280, 2333, 2348, 2307, 2263, 2179, 2064,
    1960, 1879, 1778, 1703, 1672, 1704, 1723, 1764, 1853, 1929, 2050, 2149, 1968, 2153, 2274, 2330,
    2357, 2336, 2289, 2213, 2106, 1996, 1909, 1807, 1722, 1691, 1721, 1735, 1805, 1899, 1991, 2152,
    1992, 2077, 2231, 2308, 2338, 2315, 2271, 2181, 2065, 1964, 1872, 1771, 1696, 1695, 1727, 1746,
    1825, 1918, 2012, 2160, 1951, 2135, 2259, 2319, 2344, 2304, 2256, 2151, 2026, 1932, 1821, 1730,
    1723, 1749, 1798, 1897, 1995, 2167, 2024, 2058, 2230, 2301, 2308, 2265, 2176, 2049, 1944, 1840,
    1741, 1698, 1732, 1757, 1830, 1926, 2034, 2189, 1977, 2111, 2248, 2308, 2292, 2241, 2136, 2013,
    1912, 1802, 1719, 1715, 1747, 1793, 1896, 1991, 2149, 2133, 2000, 2199, 2290, 2290, 2245, 2145,
    2019, 1917, 1812, 1718, 1701, 1738, 1772, 1855, 1947, 2067, 2199, 1981, 2121, 2261, 2306, 2269,
    2197, 2073, 1964, 1854, 1751, 1699, 1729, 1761, 1833, 1931, 2031, 2202, 2109, 2022, 2211, 2287,
    2267, 2201, 2080, 1966, 1865, 1764, 1695, 1717, 1740, 1788, 1887, 1976, 2111, 2186, 1967, 2154,
    2269, 2298, 2248, 2154, 2027, 1929, 1822, 1727, 1698, 1728, 1758, 1837, 1934, 2041, 2203, 2109,
    2043, 2217, 2293, 2267, 2199, 2076, 1966, 1863, 1759, 1695, 1716, 1742, 1793, 1889, 1973, 2119,
    2185, 1963, 2166, 2269, 2274, 2225, 2109, 1991, 1883, 1780, 1705, 1718, 1744, 1789, 1887, 1976,
    2116, 2211, 2023, 2119, 2254, 2281, 2235, 2130, 2006, 1901, 1797, 1713, 1706, 1732, 1769, 1852,
    1938, 2060, 2208, 2063, 2081, 2240, 2291, 2246, 2152, 2025, 1917, 1818, 1722, 1697, 1727, 1753,
    1833, 1925, 2026, 2185, 2186, 1971, 2178, 2274, 2253, 2189, 2059, 1949, 1845, 1747, 1697, 1714,
    1738, 1795, 1888, 1975, 2111, 2220, 2054, 2105, 2246, 2262, 2206, 2081, 1966, 1863, 1760, 1700,
    1716, 1737, 1790, 1885, 1975, 2105, 2229, 2095, 2064, 2236, 2262, 2216, 2094, 1972, 1869, 1770,
    1702, 1713, 1737, 1781, 1871, 1961, 2083, 2227, 2140, 2023, 2222, 2255, 2196, 2070, 1952, 1848,
    1749, 1700, 1718, 1746, 1804, 1896, 1986, 2127, 2239, 2123, 2036, 2227, 2250, 2193, 2064, 1945,
    1840, 1744, 1700, 1720, 1744, 1811, 1899, 1993, 2134, 2238, 2118, 2046, 2235, 2229, 2150, 2022,
    1914, 1807, 1719, 1707, 1731, 1770, 1856, 1937, 2047, 2203, 2220, 2042, 2138, 2257, 2210, 2095,
    1964, 1859, 1759, 1708, 1727, 1749, 1810, 1901, 1999, 2142, 2239, 2115, 2060, 2237, 2217, 2121,
    1991, 1879, 1774, 1710, 1720, 1741, 1795, 1884, 1970, 2103, 2241, 2197, 1992, 2187, 2239, 2172,
    2047, 1931, 1825, 1729, 1704, 1723, 1754, 1827, 1912, 2009, 2153, 2244, 2130, 2049, 2231, 2210,
    2104, 1977, 1871, 1767, 1707, 1712, 1738, 1792, 1881, 1968, 2093, 2233, 2207, 2005, 2175, 2242,
    2174, 2049, 1932, 1828, 1729, 1704, 1724, 1752, 1830, 1917, 2011, 2156, 2243, 2134, 2062, 2228,
    2190, 2069, 1953, 1849, 1743, 1700, 1716, 1741, 1800, 1886, 1969, 2103, 2231, 2215, 2031, 2163,
    2242, 2190, 2056, 1945, 1837, 1737, 1706, 1716, 1744, 1814, 1882, 1961, 2091, 2243, 2226, 2051,
    2137, 2225, 2141, 2008, 1892, 1805, 1719, 1699, 1706, 1728, 1777, 1843, 1932, 2030, 2160, 2264,
    2274, 2153, 2076, 2173, 2252, 2294, 2182, 2032, 1929, 1852, 1774, 1700, 1683, 1695, 1687, 1676,
    1711, 1766, 1826, 1966, 2091, 2184, 1949, 2076, 2197, 2301, 2334, 2401, 2425, 2398, 2320, 2219,
    2098, 2021, 1937, 1851, 1774, 1717, 1692, 1658, 1662, 1656, 1680, 1730, 1744, 1811, 1953, 2100,
    2095, 2108, 2142, 2185, 2235, 2281, 2316, 2352, 2407, 2446, 2482, 2521, 2546, 2547, 2553, 2594,
    2639, 2643, 2617, 2593, 2560, 2507, 2449, 2418, 2397, 2375, 2340, 2287, 2222, 2153, 2080, 2023,
    1987, 1958, 1927, 1876, 1800, 1716, 1647, 1593, 1551, 1530, 1530, 1543, 1539, 1525, 1520, 1529,
    1526, 1512, 1498, 1491, 1499, 1502, 1504, 1507, 1506, 1503, 1504, 1502, 1510, 1547, 1590, 1658,
    1705, 1753, 1822, 1905, 1973, 2004, 2066, 2121, 2154, 2227, 2306, 2165, 2167, 2267, 2160, 2119,
    2021, 1925, 1841, 1721, 1646, 1630, 1647, 1673, 1661, 1716, 1823, 1912, 2000, 2073, 2117, 2185,
    2272, 2344, 2394, 2453, 2506, 2547, 2570, 2531, 2455, 2392, 2344, 2299, 2239, 2117, 2077, 2052,
    2007, 1948, 1986, 1965, 1867, 1771, 1684, 1697, 1785, 1861, 1949, 2043, 2158, 2252, 2302, 2361,
    2429, 2487, 2475, 2450, 2409, 2305, 2202, 2069, 1999, 1888, 1877, 2018, 2099, 2035, 2122, 2236,
    2323, 2397, 2413, 2361, 2343, 2274, 2182, 2144, 2085, 1998, 1918, 1814, 1743, 1714, 1697, 1680,
    1658, 1628, 1604, 1586, 1570, 1572, 1577, 1571, 1570, 1590, 1627, 1679, 1744, 1803, 1869, 1977,
    2083, 2149, 2205, 2254, 2123, 2024, 2210, 2214, 2124, 2011, 1917, 1805, 1705, 1630, 1611, 1607,
    1661, 1739, 1811, 1874, 1938, 2015, 2104, 2172, 2225, 2291, 2359, 2420, 2485, 2526, 2509, 2465,
    2446, 2450, 2420, 2356, 2288, 2255, 2220, 2188, 2005, 1961, 1925, 1869, 1834, 1917, 2116, 2011,
    1773, 1822, 1930, 2073, 2160, 2227, 2321, 2394, 2445, 2477, 2477, 2475, 2415, 2296, 2181, 2111,
    2044, 1920, 1816, 1751, 1764, 1780, 1891, 2029, 2102, 2171, 2198, 2254, 2301, 2388, 2384, 2322,
    2304, 2221, 2150, 2088, 2053, 1994, 1913, 1829, 1762, 1719, 1690, 1664, 1633, 1601, 1569, 1541,
    1523, 1515, 1511, 1506, 1503, 1500, 1490, 1480, 1480, 1495, 1520, 1550, 1581, 1611, 1639, 1669,
    1708, 1767, 1844, 1925, 2000, 2068, 2133, 2198, 2263, 2320, 2377, 2432, 2435, 2448, 2425, 2313,
    2215, 2128, 2066, 2094, 2151, 2069, 1952, 1819, 1732, 1635, 1641, 1729, 1793, 1869, 1941, 2036,
    2135, 2200, 2259, 2328, 2412, 2455, 2450, 2450, 2445, 2413, 2374, 2302, 2233, 2177, 2129, 1953,
    1887, 1899, 2019, 1921, 2150, 2064, 1872, 1742, 1851, 1975, 2081, 2151, 2224, 2311, 2386, 2428,
    2474, 2523, 2515, 2449, 2380, 2292, 2214, 2150, 2059, 1943, 1843, 1837, 1802, 1916, 2036, 2150,
    2239, 2277, 2263, 2199, 2150, 2089, 1980, 1902, 1865, 1825, 1776, 1720, 1664, 1619, 1588, 1569,
    1551, 1532, 1513, 1498, 1493, 1498, 1506, 1509, 1516, 1536, 1569, 1607, 1649, 1702, 1763, 1827,
    1891, 1956, 2018, 2076, 2140, 2208, 2279, 2339, 2385, 2428, 2483, 2514, 2488, 2432, 2363, 2298,
    2235, 2174, 2096, 2093, 2203, 2123, 2008, 1901, 1770, 1685, 1665, 1704, 1757, 1837, 1927, 2017,
    2143, 2232, 2291, 2331, 2356, 2381, 2338, 2266, 2215, 2087, 1959, 1922, 2074, 1959, 1806, 1862,
    2036, 2172, 1879, 1984, 2079, 2176, 2261, 2314, 2383, 2459, 2514, 2528, 2507, 2471, 2422, 2355,
    2288, 2221, 2153, 2083, 1990, 1896, 1822, 1763, 1712, 1684, 1710, 1744, 1799, 1832, 1903, 1994,
    2090, 2209, 2250, 2278, 2281, 2240, 2244, 2155, 2080, 2006, 1955, 1900, 1848, 1805, 1766, 1723,
    1673, 1619, 1571, 1536, 1515, 1504, 1498, 1488, 1478, 1469, 1458, 1454, 1459, 1476, 1505, 1544,
    1589, 1641, 1695, 1744, 1789, 1834, 1886, 1944, 2003, 2061, 2116, 2170, 2226, 2287, 2352, 2415,
    2476, 2524, 2550, 2562, 2551, 2505, 2444, 2392, 2355, 2324, 2273, 2191, 2122, 2100, 2128, 2065,
    1965, 1809, 1749, 1716, 1752, 1812, 1920, 2063, 2176, 2235, 2257, 2338, 2347, 2300, 2206, 2111,
    2004, 1847, 1859, 1984, 2149, 1919, 1857, 1993, 2076, 1871, 1984, 2069, 2147, 2240, 2329, 2409,
    2473, 2515, 2519, 2491, 2441, 2397, 2359, 2306, 2239, 2164, 2089, 2020, 1925, 1815, 1751, 1720,
    1700, 1724, 1745, 1758, 1797, 1867, 1915, 2034, 2179, 2221, 2287, 2279, 2216, 2237, 2230, 2128,
    2061, 2007, 1957, 1903, 1843, 1784, 1728, 1673, 1623, 1587, 1562, 1541, 1518, 1490, 1467, 1458,
    1462, 1475, 1498, 1531, 1573, 1621, 1674, 1729, 1783, 1831, 1874, 1915, 1962, 2015, 2079, 2149,
    2226, 2304, 2376, 2441, 2495, 2526, 2523, 2489, 2441, 2395, 2359, 2314, 2262, 2202, 2122, 2060,
    2090, 1940, 1825, 1793, 1785, 1922, 2096, 2140, 2238, 2299, 2193, 2094, 1911, 1839, 1986, 2156,
    2231, 1995, 1845, 1847, 1922, 2104, 1951, 2034, 2180, 2292, 2328, 2407, 2456, 2383, 2453, 2419,
    2426, 2369, 2364, 2263, 2125, 2001, 1964, 1868, 1760, 1710, 1742, 1752, 1724, 1701, 1681, 1666,
    1692, 1768, 1776, 1820, 1849, 1995, 2013, 2264, 2250, 2291, 2238, 2227, 2323, 2191, 2201, 2122,
    2173, 2193, 2044, 1935, 1774, 1724, 1602, 1546, 1505, 1622, 1707, 1727, 1806, 1839, 1813, 1837,
    1822, 1943, 2091, 2143, 2292, 2366, 2381, 2464, 2496, 2444, 2451, 2089, 2039, 1979, 1854, 2033,
    2067, 1779, 1805, 1852, 1942, 2144, 2076, 2217, 1869, 2354, 1827, 2055, 2359, 1922, 1657, 1583,
    1954, 1876, 2139, 2540, 2180, 2248, 2452, 2640, 2894, 2754, 2772, 2645, 2369, 2215, 2149, 2364,
    2474, 2446, 2760, 2863, 2734, 2635, 2495, 2587, 2557, 2628, 2436, 2437, 2034, 1846, 1967, 1932,
    1756, 1658, 1712, 1624, 1840, 1989, 1702, 1526, 1449, 1230, 1370, 1486, 1600, 1694, 1770, 1812,
    1399, 1406, 1159, 1138, 1509, 1639, 1676, 1635, 1977, 1776, 1601, 1439, 1531, 1377, 1733, 1931,
    1823, 1820, 1715, 1535, 1443, 1932, 2182, 2619, 2824, 2573, 2196, 2219, 2299, 2303, 2274, 1999,
    2158, 2490, 2002, 1755, 1874, 2238, 1739, 2198, 2381, 2699, 2626, 2429, 2047, 2051, 2270, 2246,
    2091, 2146, 1927, 1976, 1896, 2307, 2505, 2755, 2962, 2902, 2894, 2736, 2601, 2722, 2644, 2595,
    2891, 2800, 2462, 2136, 2108, 2157, 2025, 1885, 2121, 2349, 2196, 2051, 2156, 2424, 2228, 1949,
    1960, 1712, 1487, 1409, 1199, 1212, 1327, 1222, 1298, 1493, 1359, 1090, 1348, 1015, 1411, 1532,
    1787, 1718, 1718, 1940, 2033, 1870, 1903, 1669, 1591, 1458, 1294, 1693, 1979, 1717, 1837, 1957,
    1817, 1781, 1713, 1643, 1582, 1761, 1984, 2331, 2227, 2444, 2872, 2697, 2827, 2747, 2578, 2423,
    2590, 2644, 2715, 3097, 2684, 2612, 2522, 2442, 2374, 2177, 2339, 2276, 2339, 2577, 2664, 3010,
    2979, 3105, 2682, 2346, 2340, 2050, 1552, 1705, 1653, 1529, 1461, 1620, 1818, 1468, 1476, 1414,
    1219, 1313, 1163, 1167, 1551, 1619, 1576, 1912, 1785, 2076, 2220, 1967, 1945, 1866, 1774, 1386,
    1322, 1399, 1642, 1614, 1555, 1425, 1473, 1435, 1150, 1029, 1071, 1272, 1418, 1414, 1471, 1841,
    1835, 1794, 2079, 1925, 1773, 2022, 1809, 1861, 2277, 2165, 2306, 2252, 2198, 2228, 2158, 1973,
    2276, 2204, 2387, 2608, 2482, 2997, 3111, 3117, 3066, 2982, 2440, 2631, 2018, 1849, 2020, 2329,
    2274, 2771, 2437, 2461, 2656, 2183, 2296, 2530, 2616, 2622, 2332, 2865, 2990, 3018, 2770, 3033,
    2473, 2180, 2332, 2463, 2455, 1951, 2131, 2045, 1828, 1898, 1827, 1819, 2126, 2230, 2334, 2159,
    1738, 1943, 1737, 1483, 1396, 2148, 2010, 2154, 1930, 1908, 2138, 1883, 1597, 1774, 1841, 1646,
    1706, 1962, 2072, 2088, 2021, 1924, 2048, 2403, 2748, 2897, 2860, 2751, 2668, 2674, 2591, 2201,
    1760, 1622, 1633, 1412, 1140, 1260, 1347, 1193, 1015,  941,  981,  843,  717,  629,  775,  861,
     886,  718,  575,  568,  656,  828,  805,  726,  558,  455,  600,  739,  865,  868,  751,  732,
     770,  972, 1228, 1379, 1513, 1428, 1338, 1326, 1351, 1637, 1896, 2033, 2106, 1977, 1919, 2042,
    2173, 2323, 2386, 2291, 2257, 2325, 2372, 2387, 2283, 1987, 1766, 1665, 1645, 1761, 1805, 1729,
    1607, 1415, 1291, 1262, 1298, 1409, 1448, 1418, 1331, 1202, 1185, 1229, 1301, 1385, 1387, 1369,
    1296, 1215, 1018,  819,  690,  600,  724,  841,  938,  938,  797,  596,  349,  232,  157,  313,
     471,  570,  580,  466,  400,  355,  525,  712,  926, 1024, 1039,  930,  868,  943, 1180, 1444,
    1576, 1521, 1399, 1302, 1266, 1247, 1244, 1340, 1390, 1383, 1301, 1378, 1488, 1573, 1507, 1362,
    1307, 1396, 1760, 1946, 1915, 1651, 1710, 1969, 2264, 2394, 2385, 2295, 2138, 1940, 1855, 1783,
    1733, 1755, 1852, 1888, 1895, 1972, 2088, 2165, 2186, 2283, 2417, 2580, 2764, 2891, 2928, 2795,
    2816, 3018, 3231, 3276, 3122, 2821, 2552, 2579, 2498, 2083, 1741, 1751, 1955, 1864, 1703, 1940,
    2089, 1843, 1721, 1857, 1843, 1798, 1605, 1626, 2200, 2118, 2020, 2509, 2643, 2329, 2806, 3386,
    3200, 3125, 3587, 3841, 3455, 3120, 3210, 2965, 2537, 2503, 2544, 2329, 2223, 2406, 2460, 2571,
    2486, 2348, 2602, 2613, 2220, 1978, 2076, 2190, 2173, 2282, 2340, 2260, 2108, 2061, 2088, 2070,
    1992, 1956, 1993, 2096, 2296, 2454, 2569, 2506, 2485, 2503, 2635, 2734, 2803, 2824, 2773, 2665,
    2526, 2529, 2584, 2597, 2373, 2226, 2289, 2610, 2847, 2618, 2426, 2732, 3077, 2959, 2623, 2545,
    2746, 2814, 2630, 2511, 2634, 2854, 2984, 3075, 3098, 3063, 2994, 3089, 3257, 3454, 3466, 3418,
    3320, 3412, 3547, 3741, 3757, 3691, 3487, 3379, 3339, 3434, 3451, 3340, 3070, 2775, 2578, 2464,
    2416, 2330, 2232, 2114, 2068, 2058, 2112, 2135, 2135, 2108, 2122, 2191, 2237, 2241, 2167, 2134,
    2114, 2092, 1966, 1789, 1644, 1627, 1712, 1919, 2089, 2220, 2270, 2343, 2454, 2544, 2583, 2558,
    2663, 2813, 2993, 2978, 2976, 3018, 3245, 3456, 3627, 3712, 3771, 3813, 3823, 3714, 3510, 3319,
    3198, 3131, 2900, 2633, 2440, 2366, 2326, 2351, 2431, 2333, 2102, 2127, 2190, 1930, 1991, 2069,
    1768, 1582, 1531, 1472, 1705, 1905, 1784, 1725, 1775, 1698, 1773, 2200, 2527, 2329, 2129, 2368,
    2507, 2217, 2013, 2112, 2109, 1748, 1343, 1415, 1743, 1692, 1456, 1429, 1591, 1767, 1758, 1562,
    1438, 1530, 1666, 1647, 1565, 1636, 1830, 1850, 1609, 1468, 1633, 1920, 2176, 2327, 2416, 2552,
    2789, 3001, 3052, 2959, 2751, 2531, 2359, 2182, 1991, 1843, 1712, 1413, 1049,  949,  996,  989,
     907,  809,  717,  608,  529,  601,  670,  647,  539,  484,  610,  701,  759,  825,  993, 1163,
    1246, 1326, 1448, 1611, 1739, 1840, 1946, 2103, 2325, 2557, 2623, 2731, 2886, 2961, 2772, 2529,
    2659, 2766, 2586, 2101, 1777, 2046, 2262, 2250, 2144, 2172, 2296, 2320, 2287, 2114, 1879, 1760,
    1742, 1695, 1551, 1336, 1093, 1077, 1236, 1204, 1148, 1308, 1405, 1265, 1837, 2174, 1944, 2320,
    2583, 2412, 2568, 2537, 2408, 2157, 2135, 2365, 2431, 2330, 2133, 2019, 2230, 2168, 1767, 1863,
    2071, 2010, 2028, 2036, 1970, 2163, 2381, 2537, 2775, 2701, 2496, 2411, 1806, 1519, 1170,  941,
    1057, 1067,  970, 1284, 1091,  880,  972, 1119, 1007, 1193, 1548, 1419, 1779, 1949, 2106, 2430,
    2445, 2454, 2696, 2475, 2181, 1786, 1749, 1908, 1858, 2050, 2252, 2476, 2334, 2052, 1968, 1958,
    1588, 1539, 1597, 2050, 2236, 2092, 1835, 1657, 1604, 1591, 1686, 2010, 2158, 1993, 1905, 2078,
    2081, 1882, 1860, 1972, 2058, 2147, 2201, 2236, 2341, 2477, 2514, 2430, 2372, 2455, 2557, 2518,
    2478, 2558, 2568, 2431, 2218, 1997, 1754, 1467, 1216, 1042,  865,  705,  716,  850,  861,  710,
     647,  733,  701,  514,  435,  493,  600,  732,  894, 1061, 1203, 1341, 1514, 1655, 1671, 1778,
    2100, 2389, 2502, 2549, 2679, 2899, 3063, 3067, 3026, 3017, 2917, 2690, 2452, 2328, 2303, 2257,
    2171, 2097, 2034, 2007, 2025, 2026, 1964, 1885, 1862, 1861, 1745, 1503, 1376, 1494, 1549, 1451,
    1503, 1639, 1654, 1618, 1616, 1682, 1854, 2036, 2061, 2054, 2290, 2611, 2686, 2612, 2595, 2561,
    2435, 2313, 2211, 2030, 1832, 1780, 1823, 1856, 1964, 2007, 1885, 1912, 2098, 2143, 2054, 1992,
    1946, 1944, 2041, 2153, 2232, 2375, 2564, 2758, 2949, 3152, 3363, 3568, 3698, 3751, 3732, 3677,
    3635, 3687, 3743, 3805, 3769, 3677, 3534, 3379, 3251, 3122, 2978, 2831, 2664, 2504, 2371, 2249,
    2168, 2088, 2012, 1934, 1853, 1784, 1764, 1751, 1772, 1789, 1788, 1787, 1787, 1785, 1779, 1757,
    1684, 1605, 1503, 1423, 1408, 1410, 1462, 1493, 1467, 1432, 1375, 1358, 1437, 1534, 1669, 1769,
    1794, 1798, 1759, 1747, 1790, 1871, 2026, 2178, 2323, 2446, 2513, 2582, 2657, 2740, 2870, 3002,
    3160, 3318, 3465, 3611, 3713, 3796, 3860, 3905, 3952, 4008, 4064, 4079, 4095, 4046, 3971, 3884,
    3780, 3682, 3638, 3595, 3597, 3612, 3615, 3607, 3584, 3520, 3455, 3392, 3329, 3311, 3298, 3290,
    3284, 3249, 3204, 3173, 3146, 3141, 3142, 3107, 3066, 3014, 2962, 2909, 2853, 2739, 2626, 2521,
    2429, 2426, 2428, 2460, 2481, 2448, 2404, 2299, 2195, 2102, 2014, 1992, 1970, 1994, 2018, 2068,
    2122, 2170, 2217, 2221, 2203, 2179, 2150, 2151, 2197, 2251, 2326, 2397, 2447, 2499, 2567, 2635,
    2719, 2804, 2847, 2879, 2887, 2884, 2917, 2982, 3065, 3179, 3270, 3293, 3307, 3221, 3135, 3073,
    3012, 3012, 3024, 3038, 3052, 3064, 3076, 3107, 3142, 3163, 3179, 3177, 3176, 3174, 3158, 3134,
    3105, 3079, 3062, 3022, 2970, 2868, 2769, 2677, 2650, 2653, 2724, 2767, 2776, 2710, 2644, 2624,
    2668, 2742, 2775, 2762, 2715, 2733, 2809, 2945, 3042, 3076, 3030, 2963, 2926, 2946, 3009, 3067,
    3092, 3028, 2918, 2727, 2559, 2415, 2322, 2232, 2119, 1990, 1849, 1729, 1620, 1539, 1469, 1406,
    1342, 1290, 1265, 1276, 1305, 1318, 1314, 1282, 1247, 1211, 1170, 1114, 1044,  986,  938,  928,
     912,  885,  844,  797,  807,  825,  854,  853,  793,  724,  649,  643,  658,  748,  842,  950,
    1043, 1124, 1175, 1217, 1261, 1328, 1455, 1635, 1862, 2063, 2256, 2325, 2372, 2345, 2295, 2207,
    2092, 1956, 1828, 1702, 1637, 1578, 1537, 1458, 1339, 1199, 1060, 1061, 1108, 1232, 1320, 1387,
    1393, 1409, 1434, 1470, 1495, 1481, 1447, 1399, 1353, 1304, 1252, 1220, 1199, 1204, 1186, 1149,
    1064,  981,  904,  851,  803,  741,  645,  525,  472,  484,  588,  683,  746,  735,  756,  819,
     967, 1129, 1252, 1316, 1301, 1308, 1355, 1441, 1503, 1437, 1287, 1128, 1041, 1093, 1158, 1191,
    1191, 1201, 1292, 1418, 1564, 1620, 1658, 1693, 1795, 1901, 1980, 1992, 1979, 1989, 2028, 2061,
    2078, 2113, 2183, 2268, 2313, 2346, 2383, 2438, 2468, 2488, 2519, 2609, 2712, 2811, 2832, 2826,
    2800, 2809, 2825, 2845, 2863, 2893, 2895, 2822, 2605, 2328, 2128, 1947, 1718, 1521, 1433, 1359,
    1227, 1156, 1203, 1211, 1091,  969,  931,  961, 1092, 1269, 1368, 1420, 1492, 1569, 1660, 1839,
    2054, 2174, 2285, 2538, 2864, 3109, 3254, 3323, 3296, 3167, 3003, 2899, 2811, 2605, 2342, 2224,
    2235, 2180, 2061, 2052, 2094, 1933, 1663, 1531, 1521, 1479, 1445, 1411, 1350, 1355, 1405, 1484,
    1591, 1696, 1954, 2180, 2217, 2245, 2295, 2308, 2231, 2008, 1736, 1606, 1598, 1553, 1498, 1496,
    1480, 1460, 1576, 1753, 1786, 1694, 1630, 1625, 1614, 1565, 1506, 1458, 1450, 1540, 1741, 1954,
    2131, 2308, 2477, 2617, 2714, 2794, 2935, 3104, 3250, 3293, 3197, 3111, 3046, 2990, 2851, 2583,
    2274, 1975, 1726, 1538, 1372, 1231, 1131, 1098, 1147, 1172, 1146, 1059,  959,  917,  914,  939,
     925,  872,  808,  773,  804,  840,  866,  845,  848,  878,  966, 1064, 1162, 1253, 1360, 1476,
    1600, 1739, 1929, 2164, 2454, 2701, 2905, 3060, 3170, 3229, 3239, 3195, 3170, 3163, 3169, 3145,
    3083, 2992, 2875, 2749, 2627, 2525, 2470, 2499, 2522, 2487, 2380, 2236, 2114, 1987, 1858, 1754,
    1686, 1621, 1469, 1302, 1185, 1136, 1145, 1182, 1208, 1210, 1195, 1179, 1204, 1247, 1297, 1340,
    1360, 1382, 1416, 1504, 1614, 1735, 1860, 2023, 2198, 2345, 2422, 2373, 2317, 2294, 2310, 2328,
    2305, 2279, 2275, 2317, 2400, 2453, 2462, 2460, 2470, 2473, 2439, 2377, 2371, 2463, 2550, 2524,
    2446, 2439, 2511, 2612, 2724, 2838, 2935, 2999, 3065, 3166, 3270, 3361, 3432, 3504, 3560, 3577,
    3568, 3549, 3530, 3459, 3316, 3127, 2931, 2761, 2623, 2465, 2314, 2237, 2237, 2282, 2316, 2331,
    2311, 2238, 2135, 2058, 2085, 2131, 2126, 2069, 1982, 1918, 1863, 1822, 1821, 1879, 1982, 2023,
    1991, 1929, 1901, 1996, 2251, 2552, 2838, 3069, 3232, 3332, 3406, 3454, 3448, 3367, 3218, 3054,
    2898, 2738, 2623, 2605, 2643, 2658, 2685, 2778, 2766, 2612, 2584, 2461, 2208, 1989, 1716, 1487,
    1488, 1537, 1533, 1585, 1708, 1854, 2007, 2118, 2152, 2114, 2014, 1900, 1802, 1693, 1613, 1631,
    1709, 1765, 1812, 1912, 2036, 2122, 2167, 2197, 2223, 2286, 2415, 2504, 2459, 2403, 2466, 2579,
    2658, 2719, 2773, 2808, 2849, 2943, 3060, 3114, 3061, 2930, 2786, 2680, 2580, 2409, 2154, 1897,
    1704, 1552, 1397, 1257, 1123,  944,  752,  652,  669,  732,  784,  824,  860,  896,  930,  959,
     991, 1071, 1198, 1319, 1394, 1430, 1487, 1652, 1886, 2063, 2179, 2304, 2489, 2709, 2872, 2919,
    2901, 2843, 2764, 2681, 2611, 2563, 2496, 2404, 2313, 2248, 2205, 2160, 2141, 2141, 2080, 1963,
    1845, 1761, 1709, 1662, 1610, 1549, 1473, 1388, 1318, 1274, 1223, 1116, 1018, 1052, 1179, 1281,
    1374, 1512, 1668, 1832, 2018, 2115, 2041, 1883, 1744, 1637, 1504, 1314, 1146, 1084, 1116, 1176,
    1222, 1263, 1321, 1379, 1426, 1451, 1493, 1543, 1581, 1564, 1472, 1360, 1242, 1200, 1204, 1259,
    1329, 1394, 1452, 1531, 1622, 1723, 1826, 1928, 2028, 2131, 2242, 2375, 2515, 2661, 2744, 2807,
    2829, 2868, 2917, 2987, 3032, 3024, 2938, 2814, 2630, 2440, 2242, 2056, 1880, 1737, 1606, 1487,
    1371, 1259, 1161, 1082, 1016,  968,  922,  876,  834,  793,  778,  769,  771,  761,  746,  725,
     706,  695,  676,  653,  618,  596,  589,  614,  648,  688,  725,  759,  798,  837,  875,  926,
     992, 1136, 1330, 1570, 1808, 2025, 2205, 2373, 2543, 2725, 2893, 3045, 3150, 3226, 3286, 3335,
    3354, 3348, 3282, 3198, 3108, 3034, 2974, 2923, 2879, 2827, 2769, 2704, 2666, 2652, 2663, 2632,
    2547, 2419, 2270, 2152, 2046, 1946, 1835, 1741, 1670, 1625, 1576, 1502, 1428, 1383, 1391, 1426,
    1399, 1313, 1229, 1197, 1236, 1343, 1515, 1759, 2040, 2185, 2213, 2269, 2255, 2162, 2126, 2189,
    2281, 2262, 2197, 2195, 2188, 2181, 2071, 1980, 2045, 2126, 2205, 2284, 2380, 2467, 2571, 2747,
    2848, 2845, 2859, 2808, 2551, 2178, 1856, 1689, 1645, 1580, 1441, 1347, 1413, 1486, 1347, 1188,
    1172, 1186, 1148, 1074,  975,  978, 1148, 1401, 1715, 2127, 2565, 2866, 2934, 2921, 2895, 2780,
    2621, 2559, 2506, 2445, 2480, 2602, 2681, 2699, 2713, 2755, 2798, 2769, 2665, 2538, 2394, 2236,
    2113, 2055, 2025, 1970, 1893, 1856, 1858, 1889, 1950, 2050, 2191, 2334, 2475, 2611, 2722, 2770,
    2734, 2649, 2585, 2539, 2450, 2324, 2221, 2182, 2210, 2279, 2351, 2389, 2395, 2399, 2431, 2505,
    2615, 2742, 2849, 2901, 2889, 2845, 2822, 2865, 2950, 2999, 3001, 2982, 2975, 3006, 3080, 3173,
    3260, 3333, 3381, 3396, 3364, 3325, 3307, 3309, 3318, 3271, 3178, 3050, 2916, 2819, 2732, 2643,
    2501, 2337, 2176, 2038, 1912, 1750, 1557, 1347, 1219, 1164, 1159, 1170, 1144, 1101, 1056, 1022,
    1039, 1082, 1133, 1177, 1200, 1234, 1282, 1347, 1405, 1456, 1513, 1590, 1691, 1782, 1875, 1986,
    2158, 2386, 2596, 2765, 2882, 2956, 2994, 3033, 3094, 3137, 3108, 3011, 2915, 2865, 2819, 2740,
    2659, 2589, 2505, 2414, 2305, 2206, 2141, 2038, 1873, 1697, 1589, 1613, 1633, 1586, 1658, 1891,
    2123, 2294, 2414, 2462, 2461, 2384, 2144, 1843, 1719, 1668, 1569, 1509, 1552, 1624, 1694, 1778,
    1842, 1820, 1705, 1575, 1510, 1504, 1521, 1526, 1506, 1488, 1527, 1651, 1797, 1921, 2046, 2184,
    2336, 2491, 2646, 2812, 2976, 3128, 3203, 3229, 3217, 3174, 3085, 2966, 2820, 2660, 2496, 2330,
    2157, 1989, 1833, 1690, 1557, 1413, 1267, 1131, 1056, 1020, 1017, 1016,  993,  952,  892,  831,
     777,  734,  719,  710,  706,  693,  675,  655,  642,  635,  635,  650,  685,  739,  828,  935,
    1056, 1199, 1370, 1566, 1805, 2051, 2288, 2484, 2632, 2760, 2875, 2989, 3089, 3168, 3191, 3188,
    3160, 3105, 3044, 2980, 2915, 2865, 2837, 2836, 2851, 2819, 2737, 2616, 2499, 2426, 2347, 2237,
    2095, 1949, 1850, 1781, 1717, 1653, 1595, 1559, 1553, 1520, 1429, 1307, 1202, 1157, 1172, 1218,
    1288, 1438, 1676, 1901, 2057, 2162, 2171, 2130, 2142, 2193, 2243, 2216, 2220, 2226, 2187, 2158,
    2121, 2044, 1983, 1980, 2016, 2062, 2099, 2116, 2127, 2159, 2218, 2284, 2339, 2397, 2479, 2567,
    2654, 2745, 2849, 2953, 3015, 2980, 2847, 2672, 2516, 2394, 2267, 2111, 1945, 1787, 1655, 1576,
    1550, 1530, 1458, 1316, 1174, 1097, 1059, 1002,  919,  834,  772,  732,  669,  579,  473,  378,
     324,  299,  307,  360,  489,  672,  899, 1152, 1371, 1547, 1682, 1783, 1877, 1961, 2028, 2041,
    2002, 1938, 1861, 1801, 1750, 1710, 1683, 1677, 1679, 1686, 1688, 1689, 1703, 1732, 1774, 1816,
    1853, 1878, 1882, 1849, 1790, 1741, 1700, 1660, 1586, 1498, 1406, 1320, 1246, 1174, 1101, 1021,
     937,  853,  795,  774,  785,  853,  935, 1031, 1134, 1239, 1348, 1461, 1570, 1671, 1750, 1802,
    1818, 1775, 1675, 1567, 1514, 1520, 1546, 1548, 1513, 1496, 1564, 1691, 1816, 1923, 2016, 2095,
    2158, 2223, 2323, 2452, 2551, 2576, 2569, 2609, 2715, 2824, 2876, 2908, 2960, 3027, 3094, 3141,
    3174, 3214, 3264, 3331, 3384, 3418, 3406, 3365, 3319, 3283, 3266, 3238, 3194, 3103, 2989, 2862,
    2726, 2582, 2433, 2280, 2142, 2034, 1945, 1875, 1810, 1757, 1717, 1701, 1684, 1665, 1641, 1622,
    1606, 1598, 1610, 1670, 1753, 1845, 1901, 1906, 1895, 1886, 1922, 1994, 2091, 2207, 2338, 2469,
    2600, 2727, 2856, 2985, 3110, 3208, 3290, 3360, 3423, 3466, 3483, 3469, 3432, 3395, 3351, 3299,
    3240, 3197, 3182, 3145, 3051, 2931, 2849, 2828, 2811, 2728, 2581, 2428, 2303, 2202, 2138, 2074,
    1979, 1920, 1948, 2025, 2095, 2144, 2191, 2275, 2393, 2507, 2608, 2691, 2766, 2814, 2820, 2777,
    2686, 2567, 2447, 2334, 2230, 2115, 1976, 1846, 1759, 1744, 1798, 1880, 1959, 2021, 2047, 2037,
    2013, 1991, 1962, 1906, 1834, 1781, 1772, 1794, 1847, 1924, 1994, 2047, 2125, 2269, 2463, 2665,
    2853, 3034, 3219, 3398, 3530, 3594, 3592, 3540, 3463, 3369, 3251, 3103, 2925, 2722, 2506, 2306,
    2127, 1972, 1840, 1736, 1651, 1565, 1482, 1411, 1357, 1315, 1266, 1202, 1129, 1054, 1014, 1002,
     998,  988,  940,  879,  807,  766,  755,  773,  836,  922, 1030, 1186, 1348, 1517, 1665, 1812,
    1960, 2146, 2343, 2549, 2710, 2828, 2908, 2942, 2972, 2996, 3008, 3005, 2987, 2949, 2912, 2877,
    2848, 2796, 2720, 2625, 2532, 2462, 2382, 2253, 2072, 1886, 1743, 1651, 1588, 1541, 1500, 1450,
    1383, 1295, 1186, 1064,  955,  876,  826,  818,  876,  995, 1147, 1294, 1417, 1525, 1625, 1704,
    1750, 1780, 1808, 1839, 1862, 1857, 1850, 1883, 1932, 1937, 1908, 1878, 1844, 1809, 1798, 1805,
    1818, 1855, 1938, 2042, 2120, 2159, 2214, 2331, 2509, 2735, 2960, 3107, 3156, 3171, 3152, 3018,
    2797, 2630, 2491, 2364, 2268, 2136, 1991, 1865, 1682, 1590, 1561, 1379, 1105,  873,  848,  990,
    1220, 1514, 1822, 2110, 2345, 2459, 2470, 2467, 2481, 2477, 2428, 2378, 2372, 2370, 2397, 2459,
    2465, 2421, 2320, 2175, 1984, 1686, 1411, 1251, 1163, 1220, 1491, 1756, 1856, 1759, 1704, 1481,
    1341, 1412, 1432, 1448, 1530, 1626, 1728, 1845, 1914, 1951, 2014, 2095, 2158, 2201, 2243, 2294,
    2360, 2439, 2513, 2576, 2640, 2693, 2733, 2763, 2746, 2647, 2488, 2308, 2098, 1860, 1639, 1479,
    1378, 1283, 1147,  997,  884,  848,  882,  945,  989,  993,  983, 1010, 1110, 1268, 1475, 1707,
    1934, 2187, 2435, 2585, 2643, 2680, 2729, 2760, 2774, 2735, 2621, 2563, 2584, 2568, 2468, 2355,
    2270, 2155, 2010, 1894, 1794, 1704, 1699, 1713, 1687, 1737, 1879, 2059, 2226, 2355, 2438, 2405,
    2253, 1983, 1698, 1577, 1595, 1643, 1692, 1756, 1742, 1633, 1561, 1565, 1574, 1595, 1651, 1712,
    1792, 1904, 2083, 2328, 2595, 2831, 3022, 3177, 3304, 3402, 3463, 3463, 3410, 3315, 3188, 3060,
    2934, 2809, 2669, 2519, 2371, 2234, 2128, 2044, 1981, 1941, 1904, 1868, 1809, 1730, 1637, 1538,
    1467, 1423, 1421, 1437, 1445, 1432, 1370, 1297, 1219, 1167, 1140, 1132, 1140, 1160, 1190, 1235,
    1308, 1393, 1492, 1617, 1784, 1982, 2217, 2452, 2666, 2855, 3002, 3129, 3243, 3344, 3431, 3502,
    3554, 3567, 3567, 3559, 3554, 3551, 3540, 3518, 3480, 3419, 3328, 3207, 3069, 2934, 2816, 2719,
    2637, 2552, 2471, 2419, 2387, 2336, 2244, 2121, 1995, 1887, 1806, 1751, 1725, 1733, 1777, 1852,
    1944, 2041, 2134, 2226, 2316, 2392, 2442, 2467, 2457, 2410, 2369, 2377, 2414, 2430, 2412, 2387,
    2369, 2324, 2233, 2125, 2023, 1953, 1947, 1999, 2014, 1977, 2001, 2080, 2203, 2414, 2634, 2780,
    2908, 2916, 2794, 2672, 2563, 2420, 2266, 2183, 2138, 2043, 1880, 1717, 1621, 1575, 1464, 1224,
     931,  722,  610,  579,  663,  890, 1165, 1423, 1670, 1901, 2086, 2219, 2296, 2302, 2288, 2299,
    2314, 2357, 2447, 2480, 2502, 2556, 2551, 2466, 2326, 2141, 1912, 1657, 1553, 1669, 1809, 1961,
    2112, 2066, 1827, 1670, 1651, 1735, 1782, 1846, 1911, 1955, 2008, 2073, 2136, 2184, 2215, 2233,
    2228, 2227, 2287, 2385, 2476, 2559, 2637, 2681, 2651, 2525, 2326, 2100, 1896, 1741, 1616, 1457,
    1242, 1034,  886,  810,  805,  827,  800,  751,  728,  734,  771,  844,  940, 1068, 1253, 1495,
    1715, 1860, 1979, 2137, 2278, 2337, 2341, 2352, 2363, 2348, 2343, 2357, 2366, 2347, 2304, 2260,
    2209, 2120, 2012, 1925, 1867, 1823, 1779, 1731, 1679, 1629, 1609, 1641, 1731, 1860, 2013, 2197,
    2350, 2342, 2200, 1991, 1761, 1581, 1558, 1571, 1531, 1475, 1433, 1414, 1385, 1357, 1379, 1425,
    1448, 1471, 1542, 1646, 1774, 1947, 2177, 2434, 2693, 2933, 3129, 3255, 3324, 3355, 3359, 3334,
    3272, 3134, 2951, 2766, 2605, 2511, 2452, 2398, 2338, 2254, 2155, 2047, 1934, 1826, 1734, 1660,
    1609, 1571, 1536, 1499, 1452, 1396, 1339, 1284, 1247, 1214, 1177, 1130, 1071, 1029, 1013, 1031,
    1097, 1212, 1356, 1522, 1700, 1894, 2095, 2297, 2496, 2691, 2864, 3004, 3110, 3184, 3239, 3299,
    3362, 3422, 3462, 3467, 3447, 3409, 3360, 3302, 3225, 3122, 3000, 2880, 2784, 2720, 2674, 2630,
    2581, 2518, 2436, 2348, 2263, 2171, 2067, 1968, 1897, 1863, 1853, 1859, 1885, 1944, 2037, 2153,
    2272, 2371, 2448, 2508, 2550, 2574, 2588, 2602, 2617, 2624, 2615, 2601, 2611, 2642, 2662, 2641,
    2577, 2493, 2419, 2358, 2303, 2257, 2229, 2221, 2220, 2216, 2215, 2224, 2244, 2267, 2289, 2325,
    2404, 2531, 2680, 2816, 2926, 3013, 3090, 3156, 3200, 3213, 3179, 3088, 2964, 2843, 2758, 2711,
    2672, 2602, 2489, 2362, 2258, 2187, 2125, 2040, 1923, 1786, 1637, 1464, 1269, 1078,  905,  757,
     643,  576,  555,  571,  610,  675,  782,  929, 1088, 1243, 1392, 1533, 1650, 1731, 1775, 1795,
    1806, 1815, 1822, 1830, 1849, 1877, 1899, 1925, 1978, 2049, 2079, 2084, 2108, 2112, 2044, 1912,
    1744, 1575, 1442, 1358, 1309, 1281, 1282, 1336, 1442, 1566, 1676, 1761, 1836, 1899, 1905, 1821,
    1714, 1650, 1652, 1671, 1729, 1841, 1922, 1991, 2146, 2329, 2443, 2495, 2511, 2528, 2601, 2715,
    2890, 3102, 3257, 3302, 3199, 3005, 2850, 2724, 2511, 2266, 2058, 1932, 1848, 1731, 1641, 1616,
    1545, 1481, 1528, 1631, 1762, 1942, 2146, 2377, 2525, 2582, 2627, 2652, 2640, 2623, 2620, 2580,
    2489, 2349, 2228, 2118, 1981, 1876, 1767, 1669, 1701, 1844, 2013, 2160, 2232, 2216, 2078, 1873,
    1707, 1589, 1506, 1439, 1385, 1333, 1288, 1258, 1227, 1201, 1188, 1176, 1160, 1161, 1186, 1219,
    1238, 1235, 1235, 1276, 1368, 1505, 1666, 1832, 1998, 2175, 2372, 2571, 2757, 2911, 3018, 3060,
    3021, 2934, 2826, 2724, 2642, 2579, 2504, 2397, 2262, 2113, 1968, 1842, 1738, 1643, 1553, 1467,
    1387, 1316, 1255, 1201, 1150, 1099, 1038,  954,  853,  752,  662,  593,  551,  529,  530,  557,
     619,  730,  905, 1107, 1304, 1487, 1661, 1834, 2001, 2154, 2286, 2399, 2488, 2554, 2597, 2615,
    2594, 2521, 2406, 2286, 2178, 2083, 2003, 1944, 1904, 1870, 1815, 1733, 1648, 1552, 1444, 1349,
    1264, 1182, 1139, 1170, 1260, 1369, 1466, 1557, 1661, 1776, 1872, 1924, 1959, 2007, 2060, 2112,
    2154, 2162, 2126, 2087, 2059, 2009, 1941, 1897, 1900, 1926, 1955, 1969, 1968, 1981, 2045, 2164,
    2302, 2436, 2585, 2784, 3011, 3201, 3301, 3327, 3312, 3277, 3228, 3169, 3095, 3012, 2927, 2842,
    2772, 2710, 2630, 2514, 2356, 2169, 1977, 1785, 1607, 1463, 1358, 1281, 1247, 1280, 1377, 1524,
    1709, 1912, 2086, 2209, 2300, 2381, 2440, 2458, 2457, 2474, 2509, 2541, 2588, 2663, 2734, 2806,
    2805, 2649, 2394, 2048, 1908, 1949, 2076, 2242, 2294, 2208, 2080, 1896, 1863, 1871, 1842, 1903,
    2047, 2224, 2314, 2266, 2240, 2442, 2867, 3034, 2932, 2830, 2590, 2319, 2079, 1863, 1735, 1639,
    1551, 1478, 1468, 1449, 1498, 1695, 1949, 2218, 2441, 2572, 2616, 2650, 2686, 2682, 2672, 2647,
    2559, 2473, 2432, 2375, 2246, 2105, 2024, 2005, 2098, 2258, 2408, 2485, 2443, 2333, 2194, 2035,
    1872, 1742, 1620, 1535, 1487, 1434, 1348, 1273, 1245, 1237, 1221, 1190, 1153, 1126, 1129, 1171,
    1244, 1331, 1440, 1606, 1844, 2124, 2394, 2610, 2760, 2847, 2880, 2880, 2861, 2821, 2754, 2656,
    2530, 2395, 2261, 2120, 1970, 1828, 1717, 1640, 1583, 1524, 1455, 1381, 1311, 1240, 1157, 1056,
     938,  821,  733,  706,  746,  833,  952, 1103, 1294, 1521, 1759, 1989, 2218, 2442, 2641, 2783,
    2831, 2798, 2710, 2610, 2505, 2405, 2340, 2289, 2217, 2147, 2106, 2055, 1943, 1790, 1657, 1548,
    1472, 1440, 1457, 1542, 1670, 1787, 1863, 1948, 2045, 2039, 1984, 1879, 1707, 1571, 1530, 1442,
    1363, 1338, 1335, 1348, 1402, 1533, 1732, 1967, 2190, 2394, 2523, 2578, 2598, 2567, 2483, 2401,
    2326, 2269, 2236, 2191, 2101, 1971, 1810, 1625, 1441, 1272, 1094,  905,  755,  713,  755,  850,
    1009, 1220, 1458, 1666, 1824, 1944, 2046, 2137, 2218, 2268, 2329, 2436, 2561, 2662, 2735, 2787,
    2811, 2772, 2645, 2493, 2358, 2223, 2125, 2138, 2225, 2337, 2426, 2501, 2571, 2515, 2348, 2259,
    2202, 2106, 2033, 2118, 2270, 2363, 2348, 2233, 2101, 2282, 2598, 2848, 2933, 2862, 2685, 2405,
    2109, 1924, 1723, 1624, 1580, 1441, 1334, 1353, 1519, 1860, 2131, 2289, 2393, 2427, 2468, 2509,
    2449, 2444, 2473, 2385, 2209, 2073, 2143, 2332, 2500, 2564, 2538, 2486, 2396, 2220, 2046, 1918,
    1842, 1766, 1655, 1568, 1526, 1482, 1437, 1422, 1423, 1414, 1403, 1454, 1639, 1936, 2269, 2569,
    2828, 3015, 3119, 3168, 3182, 3168, 3116, 3007, 2851, 2678, 2522, 2400, 2289, 2175, 2081, 2015,
    1961, 1886, 1779, 1649, 1505, 1371, 1268, 1202, 1176, 1198, 1286, 1434, 1626, 1852, 2119, 2392,
    2626, 2820, 2948, 2975, 2929, 2862, 2805, 2741, 2646, 2567, 2539, 2528, 2427, 2264, 2070, 1889,
    1875, 1967, 2068, 2185, 2351, 2497, 2525, 2487, 2403, 2270, 2149, 2054, 1960, 1884, 1818, 1761,
    1725, 1700, 1675, 1654, 1651, 1678, 1739, 1830, 1943, 2074, 2214, 2351, 2474, 2576, 2657, 2720,
    2766, 2791, 2792, 2771, 2734, 2693, 2648, 2599, 2547, 2497, 2456, 2423, 2395, 2361, 2302, 2220,
    2124, 2021, 1921, 1828, 1733, 1630, 1512, 1376, 1230, 1079,  929,  786,  662,  554,  462,  388,
     335,  300,  285,  300,  347,  412,  491,  573,  653,  730,  805,  880,  954, 1025, 1091, 1144,
    1185, 1212, 1226, 1226, 1228, 1237, 1257, 1294, 1340, 1391, 1443, 1488, 1530, 1575, 1626, 1683,
    1737, 1782, 1814, 1830, 1831, 1827, 1815, 1793, 1755, 1694, 1609, 1519, 1438, 1374, 1333, 1311,
    1302, 1310, 1336, 1387, 1448, 1514, 1582, 1650, 1720, 1781, 1828, 1854, 1857, 1841, 1818, 1797,
    1789, 1788, 1737, 1641, 1639, 1730, 1888, 2068, 2117, 2044, 1960, 2026, 2251, 2570, 2840, 3002,
    3082, 2984, 2780, 2585, 2343, 2188, 2157, 2090, 1931, 1695, 1558, 1682, 1894, 2144, 2331, 2432,
    2473, 2499, 2473, 2431, 2447, 2519, 2405, 2151, 2090, 2262, 2412, 2511, 2556, 2492, 2342, 2190,
    2076, 1974, 1847, 1707, 1591, 1513, 1473, 1460, 1440, 1387, 1331, 1297, 1331, 1459, 1698, 2012,
    2316, 2564, 2771, 2939, 3063, 3113, 3085, 3009, 2887, 2741, 2578, 2407, 2268, 2175, 2082, 1979,
    1867, 1725, 1551, 1377, 1218, 1093, 1040, 1084, 1212, 1422, 1735, 2072, 2332, 2471, 2513, 2512,
    2457, 2348, 2266, 2245, 2240, 2217, 1990, 1729, 1658, 1702, 1850, 2074, 2271, 2412, 2477, 2464,
    2450, 2435, 2371, 2287, 2221, 2162, 2101, 2038, 1995, 1970, 1915, 1836, 1786, 1819, 1923, 2097,
    2339, 2577, 2786, 2965, 3096, 3156, 3158, 3144, 3143, 3150, 3136, 3079, 2997, 2912, 2816, 2686,
    2510, 2315, 2104, 1877, 1637, 1416, 1261, 1174, 1163, 1203, 1295, 1455, 1634, 1772, 1848, 1882,
    1913, 1947, 1987, 2040, 2120, 2216, 2289, 2359, 2439, 2456, 2320, 2040, 1777, 1744, 1888, 2069,
    2037, 1898, 1568, 1582, 1719, 1634, 1406, 1478, 1826, 2222, 2460, 2418, 2222, 1922, 1801, 1808,
    1699, 1391, 1252, 1447, 1850, 2143, 2214, 2189, 2239, 2332, 2405, 2356, 2235, 2116, 2066, 2071,
    2118, 2210, 2317, 2389, 2419, 2373, 2279, 2159, 2038, 1906, 1732, 1539, 1386, 1308, 1248, 1185,
    1130, 1057,  956,  912,  975, 1144, 1388, 1659, 1931, 2199, 2433, 2612, 2727, 2794, 2817, 2783,
    2702, 2589, 2461, 2350, 2265, 2198, 2142, 2093, 2038, 1966, 1859, 1728, 1586, 1441, 1322, 1242,
    1212, 1273, 1476, 1800, 2151, 2431, 2625, 2693, 2650, 2590, 2524, 2492, 2544, 2516, 2354, 2133,
    1932, 1870, 1954, 2184, 2424, 2550, 2570, 2553, 2460, 2319, 2187, 2041, 1925, 1844, 1733, 1557,
    1402, 1370, 1508, 1760, 2085, 2390, 2567, 2645, 2739, 2811, 2818, 2787, 2712, 2611, 2486, 2359,
    2203, 1973, 1709, 1464, 1272, 1137, 1095, 1209, 1398, 1585, 1744, 1861, 1943, 2035, 2158, 2290,
    2391, 2494, 2601, 2699, 2736, 2631, 2395, 2210, 2157, 2298, 2486, 2568, 2566, 2481, 2162, 2062,
    2114, 2085, 1810, 1600, 1616, 1873, 2290, 2485, 2482, 2266, 1963, 1876, 1845, 1511, 1199, 1307,
    1658, 1899, 1924, 1927, 2040, 2120, 2091, 2032, 1984, 1953, 1986, 2060, 2189, 2316, 2363, 2333,
    2275, 2177, 1996, 1779, 1607, 1473, 1397, 1316, 1183, 1070, 1064, 1173, 1390, 1675, 1992, 2313,
    2566, 2746, 2824, 2815, 2738, 2619, 2497, 2398, 2310, 2253, 2187, 2084, 1955, 1803, 1605, 1393,
    1262, 1293, 1483, 1768, 2081, 2330, 2461, 2499, 2458, 2368, 2377, 2445, 2462, 2321, 2104, 1902,
    1883, 2150, 2432, 2636, 2740, 2714, 2612, 2441, 2256, 2131, 2068, 1931, 1758, 1602, 1495, 1449,
    1477, 1569, 1706, 1866, 2023, 2162, 2274, 2366, 2456, 2548, 2627, 2688, 2733, 2764, 2775, 2758,
    2714, 2648, 2568, 2483, 2401, 2327, 2253, 2158, 2038, 1901, 1754, 1592, 1413, 1223, 1033,  863,
     736,  665,  649,  678,  745,  834,  915,  974, 1030, 1094, 1165, 1244, 1333, 1418, 1488, 1555,
    1619, 1674, 1730, 1802, 1891, 1988, 2057, 2063, 2029, 1967, 1879, 1791, 1717, 1679, 1696, 1770,
    1882, 1997, 2093, 2172, 2245, 2321, 2395, 2458, 2481, 2451, 2386, 2324, 2268, 2241, 2279, 2381,
    2443, 2355, 2178, 2002, 1944, 2114, 2389, 2676, 2909, 3053, 3107, 3048, 2890, 2714, 2634, 2640,
    2658, 2586, 2394, 2154, 1925, 1822, 1856, 2005, 2147, 2245, 2287, 2268, 2246, 2257, 2267, 2268,
    2263, 2220, 2188, 2109, 2103, 2253, 2344, 2395, 2389, 2260, 2071, 1839, 1618, 1460, 1346, 1229,
    1123, 1047, 1049, 1138, 1302, 1555, 1837, 2115, 2339, 2476, 2531, 2533, 2478, 2368, 2263, 2170,
    2089, 2021, 1955, 1885, 1744, 1528, 1307, 1132, 1056, 1121, 1327, 1605, 1836, 2007, 2016, 1946,
    1906, 1935, 1970, 1912, 1789, 1545, 1397, 1550, 1829, 2119, 2336, 2476, 2532, 2529, 2446, 2292,
    2152, 2080, 2038, 1947, 1797, 1623, 1491, 1482, 1574, 1727, 1903, 2105, 2320, 2537, 2738, 2916,
    3039, 3062, 3019, 2946, 2855, 2757, 2656, 2539, 2358, 2104, 1811, 1537, 1358, 1311, 1346, 1408,
    1495, 1615, 1754, 1895, 1990, 2055, 2124, 2246, 2354, 2317, 2152, 1870, 1875, 2061, 2311, 2329,
    2065, 1994, 1782, 1353, 1798, 2389, 2454, 2232, 2339, 2305, 1940, 1716, 1882, 2187, 2346, 2356,
    2385, 2409, 2458, 2427, 2315, 2277, 2306, 2376, 2463, 2520, 2484, 2383, 2227, 2016, 1764, 1570,
    1434, 1319, 1210, 1107, 1084, 1191, 1438, 1759, 2070, 2327, 2488, 2554, 2535, 2459, 2347, 2275,
    2260, 2221, 2062, 1812, 1543, 1443, 1613, 1932, 2241, 2357, 2331, 2325, 2305, 2221, 1905, 1657,
    1717, 1991, 2299, 2514, 2603, 2549, 2307, 2047, 1919, 1775, 1546, 1329, 1229, 1246, 1371, 1552,
    1771, 2041, 2315, 2522, 2637, 2639, 2555, 2453, 2367, 2301, 2198, 1981, 1681, 1425, 1275, 1244,
    1294, 1412, 1591, 1832, 2007, 2132, 2283, 2375, 2400, 2263, 2079, 2005, 2054, 2243, 2480, 2593,
    2494, 2247, 2180, 1726, 1413, 1499, 1832, 2175, 2190, 2002, 2000, 2086, 1762, 1406, 1533, 1817,
    1944, 1946, 2096, 2136, 2092, 2127, 2291, 2481, 2543, 2516, 2295, 1987, 1768, 1627, 1507, 1414,
    1480, 1734, 2070, 2402, 2627, 2761, 2791, 2675, 2564, 2524, 2514, 2358, 2020, 1743, 1686, 1852,
    2072, 2229, 2355, 2416, 2431, 2427, 2410, 2389, 2415, 2440, 2319, 2063, 1861, 1862, 2075, 2378,
    2654, 2859, 2974, 2908, 2648, 2423, 2293, 2166, 2015, 1846, 1684, 1571, 1510, 1479, 1468, 1482,
    1523, 1588, 1677, 1785, 1902, 2025, 2148, 2269, 2383, 2482, 2556, 2600, 2608, 2584, 2537, 2469,
    2382, 2289, 2206, 2141, 2088, 2041, 1990, 1922, 1826, 1701, 1551, 1389, 1233, 1087,  957,  850,
     769,  713,  681,  677,  692,  727,  791,  887,  998, 1109, 1210, 1294, 1370, 1446, 1516, 1576,
    1628, 1672, 1721, 1772, 1811, 1831, 1831, 1812, 1770, 1716, 1660, 1600, 1549, 1520, 1525, 1566,
    1638, 1739, 1864, 2002, 2132, 2239, 2325, 2401, 2466, 2508, 2504, 2462, 2456, 2497, 2499, 2324,
    2070, 1899, 1883, 2062, 2386, 2648, 2678, 2565, 2522, 2614, 2614, 2252, 1832, 1891, 2120, 2206,
    2104, 2063, 2137, 2130, 2048, 1931, 2032, 2249, 2376, 2303, 1947, 1613, 1432, 1277, 1201, 1267,
    1488, 1785, 2071, 2323, 2358, 2254, 2168, 2187, 2106, 1871, 1593, 1439, 1545, 1743, 1929, 2050,
    2089, 2036, 2040, 2089, 1894, 1608, 1537, 1759, 2109, 2426, 2710, 2890, 2881, 2741, 2586, 2449,
    2354, 2277, 2172, 2034, 1902, 1797, 1720, 1685, 1717, 1804, 1952, 2158, 2409, 2680, 2905, 3027,
    3027, 2938, 2828, 2747, 2696, 2629, 2470, 2241, 1969, 1723, 1541, 1446, 1492, 1654, 1849, 2036,
    2168, 2234, 2262, 2267, 2175, 1914, 1702, 1923, 2198, 2288, 2146, 1832, 1420, 1690, 2157, 2115,
    2330, 2124, 1787, 2175, 2202, 2276, 2032, 1980, 2157, 2311, 1961, 1608, 1422, 1421, 1706, 2138,
    2249, 2164, 2178, 1957, 1758, 1951, 2240, 2229, 1983, 1674, 2058, 2519, 2430, 2193, 1897, 1637,
    1566, 1848, 2353, 2459, 2327, 2223, 1960, 1619, 1711, 2107, 2292, 2315, 1986, 2064, 2364, 2384,
    1930, 1658, 2106, 2068, 1816, 2044, 2018, 2112, 1954, 2176, 2035, 2174, 2053, 2261, 1814, 1770,
    2165, 2106, 1892, 1549, 1721, 2025, 2120, 1934, 2044, 2327, 2002, 2233, 1989, 2032, 1966, 2077,
    2222, 2173, 2051, 1891, 2089, 2231, 2042, 1852, 1944, 2090, 1964, 1911, 1987, 2001, 1986, 2088,
    2025, 2010, 1993, 2168, 2169, 1949, 1997, 1978, 2101, 2126, 2029, 1990, 2065, 2139, 2029, 2003,
    1980, 1974, 2107, 2019, 2090, 2110, 2066, 2099, 2097, 1997, 2061, 2056, 2062, 2035, 2048, 2088
};

======================================================================
USAGE INSTRUCTIONS:
======================================================================
1. Copy the #define line to the /* USER CODE BEGIN PD */ section
2. Copy the uint32_t array to the /* USER CODE BEGIN PV */ section
3. Update your code to use this LUT
