======================================================================
C ARRAY FOR PIANO
Generated from: piano.wav
Resolution: 8192 samples (32.00KB)
======================================================================

// Add this define to your main.c
#define NS_PIANO  8192

// Piano: 8192 samples, 32,768 bytes (32.00KB)
uint32_t Piano_LUT[NS_PIANO] = {
    1900, 1986, 2032, 2240, 2341, 2177, 1941, 1808, 2042, 1947, 2090, 2239, 2201, 1960, 1820, 2092,
    1884, 2017, 2219, 2080, 1866, 2065, 2136, 2175, 2168, 1932, 2013, 2011, 2267, 2008, 1958, 2069,
    2225, 1944, 2070, 2084, 2081, 2075, 2069, 2063, 2055, 2048, 2039, 2030, 2022, 2012, 2003, 1995,
    1985, 1977, 1965, 1945, 1915, 1872, 1815, 1744, 1661, 1563, 1455, 1339, 1216, 1091,  968,  850,
     740,  642,  566,  562,  590,  620,  675,  735,  808,  882,  968, 1065, 1168, 1292, 1356, 1413,
    1499, 1571, 1635, 1717, 1834, 1943, 1982, 2015, 2043, 2011, 2012, 1971, 1853, 1872, 1945, 2033,
    2095, 2104, 2121, 2006, 1873, 1819, 1913, 2115, 1899, 2304, 2023, 1678, 1582, 1727, 2077, 1892,
    2240, 2507, 2316, 2264, 1931, 1603, 1567, 1584, 1610, 1709, 1770, 1867, 1972, 2025, 2101, 2289,
    2649, 2905, 2891, 2738, 2700, 2766, 2843, 2791, 2540, 2246, 2048, 1911, 1866, 1789, 1763, 1759,
    1778, 1791, 1777, 1731, 1636, 1575, 1544, 1558, 1680, 1896, 2153, 2353, 2503, 2611, 2699, 2783,
    2866, 2935, 2935, 2932, 2891, 2831, 2774, 2740, 2712, 2705, 2712, 2709, 2702, 2696, 2685, 2668,
    2644, 2611, 2571, 2529, 2489, 2449, 2415, 2388, 2373, 2367, 2367, 2377, 2399, 2430, 2464, 2496,
    2533, 2576, 2627, 2674, 2713, 2741, 2777, 2817, 2850, 2882, 2915, 2950, 2979, 3012, 3050, 3094,
    3145, 3209, 3273, 3332, 3382, 3420, 3451, 3479, 3503, 3520, 3532, 3538, 3538, 3535, 3527, 3515,
    3499, 3476, 3440, 3397, 3346, 3295, 3243, 3183, 3119, 3046, 2971, 2893, 2816, 2741, 2679, 2625,
    2584, 2546, 2505, 2466, 2430, 2397, 2371, 2346, 2321, 2295, 2268, 2240, 2210, 2176, 2140, 2100,
    2060, 2013, 1965, 1913, 1861, 1806, 1750, 1691, 1631, 1573, 1517, 1463, 1407, 1349, 1290, 1230,
    1176, 1124, 1079, 1034,  993,  953,  916,  881,  851,  825,  803,  784,  766,  746,  726,  704,
     682,  660,  639,  620,  606,  595,  586,  575,  568,  565,  578,  596,  616,  630,  641,  659,
     686,  722,  762,  806,  852,  896,  941,  988, 1037, 1088, 1148, 1216, 1273, 1320, 1360, 1393,
    1423, 1454, 1488, 1524, 1563, 1602, 1635, 1663, 1689, 1716, 1747, 1786, 1828, 1865, 1892, 1911,
    1931, 1956, 1983, 2004, 2021, 2034, 2023, 2013, 2007, 2005, 2012, 2037, 2098, 2187, 2292, 2418,
    2472, 2464, 2400, 2254, 2071, 1913, 1721, 1553, 1425, 1318, 1245, 1229, 1238, 1299, 1379, 1496,
    1662, 1842, 2048, 2258, 2429, 2576, 2648, 2700, 2701, 2666, 2582, 2491, 2391, 2283, 2161, 2045,
    1916, 1782, 1684, 1612, 1546, 1495, 1488, 1490, 1500, 1533, 1603, 1694, 1807, 1953, 2089, 2222,
    2374, 2524, 2655, 2771, 2865, 2947, 2997, 3025, 3034, 3020, 2984, 2908, 2812, 2689, 2547, 2397,
    2241, 2084, 1928, 1794, 1693, 1614, 1556, 1516, 1524, 1549, 1576, 1626, 1698, 1772, 1843, 1915,
    1987, 2069, 2168, 2262, 2341, 2410, 2472, 2524, 2569, 2615, 2655, 2685, 2706, 2714, 2720, 2726,
    2731, 2734, 2739, 2746, 2753, 2760, 2766, 2771, 2776, 2783, 2789, 2794, 2798, 2803, 2813, 2826,
    2837, 2849, 2864, 2882, 2904, 2933, 2964, 2993, 3015, 3037, 3062, 3090, 3115, 3135, 3150, 3163,
    3176, 3186, 3190, 3191, 3191, 3186, 3178, 3167, 3151, 3131, 3109, 3086, 3062, 3038, 3015, 2991,
    2963, 2932, 2898, 2859, 2815, 2770, 2724, 2679, 2631, 2583, 2534, 2486, 2437, 2385, 2332, 2277,
    2219, 2160, 2099, 2038, 1978, 1915, 1851, 1788, 1730, 1674, 1620, 1567, 1516, 1464, 1413, 1364,
    1316, 1271, 1228, 1189, 1152, 1117, 1085, 1056, 1030, 1008,  989,  978,  971,  966,  960,  958,
     962,  974,  991, 1009, 1027, 1045, 1066, 1090, 1116, 1145, 1174, 1203, 1231, 1259, 1287, 1314,
    1336, 1353, 1364, 1371, 1373, 1370, 1362, 1353, 1345, 1340, 1337, 1331, 1320, 1306, 1290, 1272,
    1255, 1241, 1232, 1227, 1224, 1224, 1228, 1237, 1254, 1281, 1319, 1366, 1428, 1501, 1590, 1695,
    1807, 1916, 2026, 2129, 2222, 2299, 2364, 2424, 2471, 2502, 2518, 2521, 2504, 2465, 2411, 2340,
    2252, 2146, 2018, 1881, 1739, 1592, 1444, 1323, 1237, 1171, 1129, 1125, 1153, 1205, 1289, 1399,
    1540, 1698, 1853, 2010, 2165, 2306, 2422, 2524, 2600, 2640, 2653, 2638, 2604, 2540, 2434, 2288,
    2109, 1926, 1752, 1624, 1560, 1573, 1652, 1802, 2004, 2249, 2475, 2587, 2574, 2417, 2184, 1983,
    1931, 1985, 2056, 2120, 2158, 2174, 2192, 2210, 2228, 2241, 2252, 2265, 2280, 2294, 2308, 2322,
    2340, 2360, 2383, 2410, 2438, 2467, 2497, 2528, 2562, 2600, 2644, 2689, 2736, 2782, 2829, 2878,
    2929, 2980, 3029, 3075, 3118, 3158, 3195, 3230, 3262, 3291, 3317, 3340, 3360, 3378, 3392, 3402,
    3409, 3412, 3410, 3404, 3393, 3380, 3362, 3341, 3318, 3293, 3263, 3231, 3196, 3156, 3115, 3071,
    3024, 2975, 2924, 2869, 2813, 2755, 2696, 2636, 2575, 2513, 2450, 2386, 2320, 2253, 2185, 2115,
    2045, 1974, 1904, 1834, 1765, 1697, 1629, 1563, 1499, 1437, 1377, 1320, 1267, 1216, 1167, 1121,
    1078, 1039, 1003,  973,  946,  923,  903,  887,  875,  869,  870,  877,  892,  913,  938,  967,
    1001, 1042, 1090, 1146, 1207, 1271, 1336, 1405, 1477, 1550, 1619, 1682, 1739, 1786, 1822, 1847,
    1865, 1877, 1879, 1873, 1858, 1835, 1802, 1760, 1715, 1667, 1619, 1572, 1533, 1506, 1495, 1534,
    1652, 1844, 2069, 2261, 2412, 2507, 2550, 2535, 2467, 2336, 2157, 1942, 1722, 1548, 1432, 1404,
    1475, 1637, 1862, 2115, 2308, 2386, 2343, 2180, 1985, 2006, 2344, 2268, 2090, 2088, 2275, 2455,
    2471, 2420, 2373, 2324, 2275, 2231, 2193, 2160, 2133, 2110, 2091, 2078, 2071, 2071, 2078, 2091,
    2109, 2130, 2154, 2181, 2213, 2251, 2294, 2343, 2396, 2452, 2513, 2577, 2646, 2716, 2786, 2854,
    2921, 2986, 3050, 3110, 3168, 3221, 3270, 3313, 3351, 3385, 3416, 3443, 3465, 3482, 3496, 3505,
    3509, 3511, 3510, 3505, 3497, 3485, 3469, 3452, 3429, 3405, 3377, 3347, 3315, 3280, 3244, 3206,
    3165, 3123, 3076, 3029, 2978, 2926, 2871, 2816, 2758, 2699, 2639, 2578, 2515, 2451, 2387, 2320,
    2253, 2185, 2117, 2048, 1980, 1912, 1844, 1777, 1711, 1646, 1582, 1520, 1459, 1401, 1344, 1289,
    1235, 1183, 1133, 1084, 1037,  992,  949,  909,  870,  835,  802,  772,  745,  720,  699,  680,
     664,  653,  643,  639,  637,  639,  645,  655,  669,  686,  708,  736,  768,  805,  848,  896,
     947, 1001, 1058, 1117, 1180, 1247, 1315, 1385, 1454, 1520, 1583, 1642, 1695, 1745, 1791, 1835,
    1875, 1909, 1936, 1957, 1972, 1980, 1981, 1976, 1966, 1951, 1932, 1908, 1880, 1848, 1814, 1777,
    1738, 1716, 1745, 1935, 2043, 1947, 1716, 1670, 1995, 2205, 2106, 1875, 1742, 1802, 2047, 2352,
    2553, 2562, 2412, 2156, 1905, 1751, 1697, 1740, 1876, 2117, 2388, 2531, 2538, 2497, 2435, 2372,
    2314, 2261, 2215, 2177, 2150, 2132, 2125, 2123, 2129, 2145, 2174, 2217, 2270, 2330, 2395, 2467,
    2544, 2624, 2703, 2781, 2856, 2927, 2991, 3046, 3094, 3135, 3168, 3195, 3215, 3228, 3234, 3233,
    3227, 3214, 3196, 3172, 3143, 3109, 3069, 3026, 2978, 2925, 2869, 2807, 2743, 2675, 2606, 2534,
    2460, 2385, 2309, 2231, 2153, 2075, 1998, 1921, 1846, 1771, 1699, 1628, 1558, 1491, 1425, 1361,
    1300, 1241, 1186, 1135, 1089, 1047, 1009,  974,  942,  915,  893,  876,  864,  858,  858,  862,
     871,  886,  908,  936,  971, 1010, 1055, 1105, 1161, 1223, 1289, 1356, 1420, 1482, 1542, 1600,
    1656, 1709, 1758, 1800, 1833, 1862, 1886, 1906, 1925, 1943, 1962, 1980, 1998, 2017, 2041, 2082,
    2138, 2195, 2130, 1907, 1685, 1544, 1520, 1624, 1829, 2065, 2277, 2440, 2539, 2576, 2531, 2423,
    2258, 2061, 1862, 1692, 1571, 1495, 1461, 1468, 1514, 1598, 1714, 1865, 2046, 2241, 2426, 2587,
    2711, 2785, 2812, 2791, 2721, 2600, 2434, 2244, 2056, 1896, 1777, 1705, 1690, 1723, 1801, 1907,
    2040, 2189, 2326, 2427, 2489, 2516, 2519, 2509, 2492, 2475, 2463, 2456, 2454, 2459, 2470, 2489,
    2523, 2566, 2613, 2663, 2714, 2762, 2805, 2842, 2871, 2892, 2903, 2906, 2900, 2883, 2856, 2822,
    2778, 2725, 2664, 2596, 2521, 2440, 2354, 2264, 2171, 2077, 1983, 1891, 1801, 1716, 1634, 1557,
    1485, 1421, 1363, 1311, 1267, 1231, 1207, 1190, 1181, 1181, 1194, 1215, 1244, 1281, 1326, 1375,
    1424, 1472, 1516, 1551, 1580, 1602, 1620, 1631, 1636, 1634, 1630, 1628, 1633, 1652, 1693, 1765,
    1870, 2000, 2125, 2239, 2321, 2360, 2350, 2291, 2181, 2024, 1831, 1638, 1474, 1355, 1295, 1292,
    1342, 1443, 1589, 1768, 1960, 2139, 2297, 2425, 2518, 2576, 2595, 2573, 2508, 2396, 2243, 2059,
    1866, 1694, 1561, 1482, 1462, 1499, 1587, 1727, 1908, 2118, 2325, 2506, 2623, 2667, 2631, 2523,
    2344, 2125, 1937, 1844, 1856, 1924, 2005, 2065, 2109, 2143, 2170, 2195, 2220, 2247, 2277, 2314,
    2359, 2410, 2468, 2531, 2595, 2659, 2725, 2789, 2847, 2902, 2950, 2989, 3020, 3040, 3051, 3051,
    3042, 3024, 2998, 2964, 2922, 2873, 2815, 2752, 2683, 2608, 2526, 2439, 2348, 2255, 2159, 2063,
    1966, 1869, 1773, 1680, 1592, 1510, 1434, 1367, 1308, 1256, 1215, 1184, 1163, 1152, 1155, 1172,
    1208, 1259, 1326, 1409, 1503, 1602, 1701, 1793, 1874, 1935, 1972, 1982, 1969, 1934, 1878, 1804,
    1719, 1640, 1597, 1672, 1922, 2168, 2331, 2391, 2343, 2191, 1961, 1713, 1531, 1479, 1570, 1780,
    2055, 2299, 2425, 2407, 2242, 1970, 1790, 1944, 2307, 2253, 2101, 2249, 2222, 2175, 2135, 2102,
    2078, 2065, 2061, 2066, 2078, 2099, 2130, 2168, 2216, 2272, 2337, 2408, 2488, 2571, 2656, 2739,
    2817, 2891, 2959, 3021, 3075, 3121, 3160, 3191, 3214, 3230, 3238, 3239, 3233, 3222, 3203, 3179,
    3150, 3115, 3075, 3028, 2977, 2921, 2861, 2796, 2726, 2653, 2576, 2496, 2414, 2331, 2247, 2161,
    2076, 1991, 1906, 1822, 1738, 1655, 1575, 1497, 1423, 1353, 1287, 1226, 1170, 1119, 1073, 1033,
     998,  970,  948,  931,  922,  920,  927,  942,  965,  997, 1040, 1092, 1155, 1228, 1311, 1402,
    1500, 1600, 1698, 1790, 1876, 1953, 2017, 2066, 2100, 2120, 2128, 2122, 2101, 2064, 2011, 1944,
    1860, 1758, 1671, 1903, 2083, 1933, 1751, 2140, 1982, 1802, 2058, 2407, 2377, 2060, 1834, 1846,
    2086, 2400, 2432, 2355, 2271, 2195, 2137, 2096, 2075, 2072, 2090, 2125, 2181, 2258, 2350, 2449,
    2550, 2646, 2734, 2813, 2881, 2938, 2982, 3011, 3027, 3029, 3021, 3003, 2974, 2937, 2891, 2835,
    2771, 2699, 2621, 2538, 2449, 2356, 2260, 2162, 2062, 1962, 1863, 1766, 1671, 1581, 1495, 1414,
    1340, 1273, 1212, 1158, 1113, 1078, 1051, 1034, 1027, 1030, 1043, 1070, 1107, 1159, 1225, 1306,
    1399, 1497, 1600, 1702, 1800, 1888, 1964, 2025, 2071, 2100, 2115, 2115, 2102, 2076, 2039, 2002,
    1994, 1837, 1662, 1757, 2048, 2267, 2367, 2320, 2118, 1876, 1687, 1582, 1555, 1602, 1716, 1892,
    2104, 2323, 2517, 2650, 2714, 2709, 2630, 2483, 2283, 2065, 1877, 1748, 1687, 1693, 1755, 1866,
    2026, 2218, 2386, 2480, 2509, 2501, 2474, 2437, 2402, 2375, 2367, 2381, 2418, 2469, 2526, 2584,
    2637, 2682, 2710, 2720, 2706, 2673, 2621, 2550, 2464, 2365, 2255, 2137, 2015, 1892, 1774, 1665,
    1568, 1486, 1422, 1376, 1350, 1346, 1365, 1406, 1470, 1546, 1625, 1698, 1756, 1794, 1817, 1829,
    1840, 1879, 1971, 2098, 2185, 2185, 2070, 1851, 1637, 1490, 1438, 1502, 1670, 1891, 2110, 2292,
    2422, 2498, 2508, 2449, 2320, 2136, 1921, 1721, 1580, 1512, 1506, 1558, 1669, 1832, 2033, 2250,
    2448, 2595, 2667, 2661, 2582, 2426, 2212, 1989, 1834, 1777, 1798, 1877, 1989, 2107, 2197, 2263,
    2316, 2358, 2392, 2425, 2462, 2508, 2558, 2611, 2660, 2704, 2741, 2764, 2774, 2769, 2751, 2721,
    2675, 2613, 2537, 2449, 2349, 2240, 2125, 2007, 1886, 1768, 1656, 1556, 1474, 1411, 1374, 1368,
    1395, 1462, 1562, 1686, 1819, 1932, 1996, 2000, 1951, 1862, 1751, 1702, 1957, 2206, 2320, 2266,
    2071, 1797, 1574, 1517, 1653, 1910, 2182, 2349, 2376, 2253, 1999, 1747, 1706, 1887, 2211, 2423,
    2337, 2094, 2086, 2113, 2111, 2110, 2114, 2126, 2149, 2183, 2232, 2294, 2371, 2463, 2559, 2648,
    2728, 2798, 2855, 2900, 2933, 2953, 2960, 2955, 2938, 2909, 2869, 2819, 2758, 2689, 2611, 2525,
    2431, 2331, 2228, 2121, 2013, 1904, 1797, 1694, 1596, 1503, 1418, 1340, 1274, 1219, 1178, 1150,
    1139, 1144, 1166, 1209, 1273, 1359, 1467, 1592, 1730, 1868, 1995, 2103, 2181, 2230, 2247, 2232,
    2184, 2102, 1979, 1804, 1654, 1897, 2127, 1998, 1811, 2097, 1927, 2329, 1954, 2111, 2317, 2228,
    2157, 2108, 2084, 2088, 2128, 2202, 2300, 2415, 2530, 2633, 2717, 2784, 2834, 2865, 2878, 2873,
    2852, 2814, 2762, 2698, 2620, 2532, 2435, 2329, 2217, 2100, 1980, 1861, 1743, 1631, 1526, 1430,
    1345, 1272, 1214, 1168, 1137, 1122, 1124, 1146, 1188, 1249, 1332, 1435, 1555, 1688, 1823, 1950,
    2059, 2145, 2204, 2238, 2244, 2219, 2164, 2068, 1904, 1880, 1865, 2140, 2204, 1881, 1701, 1688,
    1826, 2069, 2328, 2519, 2600, 2534, 2343, 2088, 1862, 1730, 1700, 1758, 1906, 2128, 2369, 2488,
    2493, 2430, 2347, 2277, 2246, 2259, 2313, 2393, 2477, 2547, 2591, 2600, 2571, 2510, 2421, 2305,
    2167, 2019, 1869, 1727, 1598, 1491, 1411, 1364, 1358, 1392, 1464, 1576, 1712, 1836, 1929, 1987,
    2009, 2010, 1997, 2045, 2009, 1766, 1613, 1670, 1924, 2179, 2354, 2424, 2368, 2186, 1941, 1737,
    1604, 1552, 1577, 1670, 1822, 2024, 2249, 2452, 2600, 2679, 2688, 2621, 2484, 2290, 2062, 1865,
    1743, 1693, 1713, 1795, 1924, 2088, 2247, 2357, 2418, 2449, 2458, 2464, 2476, 2491, 2506, 2509,
    2491, 2449, 2375, 2267, 2130, 1974, 1811, 1663, 1560, 1534, 1609, 1762, 1925, 1990, 1953, 1830,
    1859, 2157, 2248, 2106, 1807, 1591, 1598, 1832, 2137, 2342, 2380, 2232, 1960, 1748, 1725, 1872,
    2137, 2411, 2519, 2397, 2117, 1921, 1918, 1994, 2068, 2126, 2181, 2236, 2299, 2378, 2467, 2556,
    2632, 2688, 2726, 2741, 2735, 2710, 2666, 2604, 2524, 2427, 2316, 2196, 2067, 1935, 1805, 1679,
    1564, 1464, 1384, 1330, 1305, 1316, 1366, 1459, 1592, 1756, 1925, 2075, 2182, 2239, 2244, 2190,
    2072, 1881, 1661, 1814, 2126, 2199, 1977, 1714, 2085, 2002, 2193, 2103, 2167, 2177, 2105, 2071,
    2090, 2159, 2279, 2420, 2548, 2646, 2712, 2746, 2750, 2729, 2683, 2616, 2530, 2426, 2307, 2175,
    2036, 1893, 1753, 1623, 1507, 1409, 1329, 1271, 1237, 1230, 1252, 1305, 1392, 1512, 1659, 1823,
    1986, 2130, 2241, 2314, 2344, 2326, 2258, 2131, 1895, 1776, 2029, 2046, 1843, 1777, 1940, 2229,
    2466, 2525, 2374, 2085, 1852, 1764, 1831, 2047, 2347, 2423, 2289, 2162, 2112, 2175, 2313, 2436,
    2510, 2523, 2467, 2347, 2181, 1988, 1796, 1628, 1504, 1440, 1447, 1529, 1682, 1877, 2040, 2124,
    2123, 2033, 1943, 1810, 1779, 2067, 2282, 2308, 2139, 1866, 1675, 1586, 1582, 1655, 1804, 2014,
    2244, 2442, 2587, 2668, 2671, 2596, 2447, 2234, 2003, 1817, 1705, 1674, 1717, 1828, 2005, 2226,
    2391, 2443, 2407, 2337, 2302, 2313, 2308, 2242, 2067, 1809, 1671, 1846, 2023, 1896, 2098, 2115,
    1759, 1745, 2110, 2287, 2120, 1808, 1771, 1952, 2245, 2456, 2442, 2231, 1971, 1856, 1851, 1917,
    2034, 2172, 2317, 2451, 2550, 2590, 2578, 2523, 2426, 2299, 2156, 2007, 1862, 1737, 1647, 1634,
    1763, 1997, 2102, 1989, 1940, 1995, 2027, 2162, 2000, 1988, 2098, 2257, 2422, 2518, 2529, 2476,
    2377, 2244, 2092, 1931, 1776, 1648, 1570, 1563, 1663, 1874, 2085, 2204, 2199, 2005, 1753, 2056,
    2099, 1868, 2193, 2147, 2087, 2220, 2235, 2317, 2336, 2265, 2118, 1935, 1747, 1627, 1647, 1833,
    2053, 2160, 2112, 1840, 1806, 2122, 2125, 1806, 1886, 2163, 2387, 2378, 2104, 1882, 1869, 2023,
    2268, 2405, 2367, 2215, 2095, 2010, 1854, 1870, 2069, 1838, 2161, 1904, 2151, 2390, 2240, 1940,
    1832, 1872, 2005, 2186, 2377, 2501, 2531, 2461, 2326, 2160, 1997, 1863, 1793, 1922, 1985, 1848,
    2027, 2100, 2159, 1954, 2060, 2262, 2434, 2473, 2393, 2247, 2063, 1877, 1732, 1687, 1852, 2111,
    2121, 1808, 2072, 1946, 2172, 2141, 2208, 2314, 2223, 2006, 1778, 1735, 2002, 2151, 1991, 1775,
    2083, 1977, 2059, 2315, 1990, 1921, 2223, 2272, 2096, 1969, 1895, 2074, 1892, 2071, 2119, 2236,
    1893, 1926, 2150, 2372, 2398, 2217, 1992, 1879, 1980, 2003, 2080, 1979, 2009, 2266, 2407, 2309,
    2077, 1856, 1792, 2094, 1975, 1977, 2109, 2086, 2272, 2248, 2000, 1795, 2050, 2118, 1808, 1956,
    2098, 2176, 1964, 2198, 2168, 1963, 2096, 1832, 2157, 2173, 1929, 1999, 2271, 2341, 2107, 1956,
    2006, 2058, 1930, 2144, 2370, 2289, 2026, 1859, 2036, 2119, 2092, 2320, 2136, 1880, 2049, 1858,
    2044, 2016, 2199, 2063, 1949, 1880, 2103, 2025, 2122, 2186, 1977, 1946, 2067, 2075, 2320, 2073,
    1904, 1972, 2062, 2281, 1991, 1959, 1989, 2123, 2138, 2143, 2143, 2140, 2137, 2131, 2124, 2119,
    2112, 2106, 2098, 2094, 2095, 2086, 2065, 2037, 2001, 1958, 1900, 1836, 1762, 1681, 1592, 1496,
    1395, 1289, 1181, 1070,  961,  855,  761,  703,  687,  664,  650,  646,  650,  662,  682,  709,
     742,  786,  831,  885,  941, 1003, 1066, 1131, 1197, 1267, 1345, 1412, 1492, 1592, 1659, 1687,
    1732, 1790, 1854, 1909, 1950, 2000, 2048, 2102, 2202, 2284, 2311, 2336, 2332, 2369, 2352, 2289,
    2324, 2198, 2110, 2189, 2269, 2035, 2020, 2201, 2026, 2068, 1802, 1972, 2335, 2364, 2214, 2431,
    2672, 2719, 2566, 2539, 2505, 2324, 2199, 2212, 2226, 2229, 2219, 2176, 2090, 2074, 2157, 2287,
    2369, 2419, 2625, 2923, 2918, 2764, 2559, 2360, 2204, 2193, 2258, 2313, 2340, 2331, 2242, 2131,
    1994, 1885, 1773, 1680, 1553, 1459, 1358, 1279, 1228, 1195, 1222, 1292, 1406, 1430, 1406, 1407,
    1472, 1623, 1799, 1890, 1916, 1945, 1963, 1985, 2031, 2110, 2153, 2110, 1983, 1819, 1547, 1477,
    1564, 1675, 1782, 1897, 1971, 2012, 2041, 2102, 2143, 2179, 2258, 2371, 2508, 2649, 2777, 2882,
    2970, 2987, 2975, 2932, 2853, 2786, 2710, 2645, 2595, 2515, 2425, 2332, 2227, 2100, 1982, 1879,
    1784, 1715, 1664, 1623, 1587, 1557, 1539, 1528, 1507, 1486, 1478, 1510, 1561, 1597, 1660, 1737,
    1828, 1917, 1998, 2087, 2179, 2277, 2378, 2453, 2511, 2568, 2621, 2669, 2715, 2755, 2784, 2808,
    2822, 2833, 2849, 2862, 2875, 2894, 2921, 2949, 2968, 2978, 2977, 2978, 2988, 2995, 2995, 2997,
    3004, 3000, 2988, 2983, 2973, 2950, 2915, 2881, 2845, 2807, 2772, 2735, 2699, 2668, 2642, 2621,
    2603, 2584, 2565, 2550, 2539, 2526, 2507, 2487, 2468, 2447, 2421, 2391, 2361, 2330, 2298, 2263,
    2227, 2193, 2159, 2121, 2081, 2039, 1999, 1961, 1921, 1878, 1833, 1788, 1743, 1698, 1652, 1608,
    1567, 1530, 1493, 1455, 1416, 1377, 1339, 1299, 1260, 1221, 1182, 1144, 1108, 1074, 1044, 1017,
     993,  970,  947,  923,  898,  874,  853,  830,  806,  783,  767,  759,  760,  766,  775,  784,
     793,  802,  811,  822,  836,  857,  881,  905,  929,  952,  977, 1003, 1035, 1072, 1113, 1158,
    1207, 1256, 1305, 1353, 1403, 1456, 1513, 1576, 1643, 1712, 1782, 1852, 1920, 1986, 2048, 2107,
    2165, 2226, 2290, 2354, 2413, 2465, 2513, 2561, 2610, 2653, 2689, 2719, 2746, 2767, 2780, 2788,
    2790, 2786, 2780, 2774, 2760, 2733, 2695, 2648, 2597, 2541, 2473, 2389, 2298, 2206, 2106, 1988,
    1859, 1741, 1641, 1546, 1450, 1360, 1285, 1227, 1181, 1152, 1140, 1138, 1156, 1189, 1237, 1299,
    1376, 1461, 1559, 1662, 1762, 1865, 1976, 2089, 2196, 2299, 2391, 2476, 2536, 2585, 2621, 2651,
    2660, 2628, 2547, 2409, 2210, 2012, 1868, 1810, 1780, 1797, 1832, 1878, 1964, 2064, 2163, 2272,
    2401, 2527, 2626, 2710, 2753, 2763, 2733, 2677, 2587, 2467, 2357, 2249, 2152, 2064, 1999, 1949,
    1922, 1979, 2035, 2044, 2002, 1928, 1841, 1736, 1628, 1525, 1446, 1401, 1398, 1421, 1483, 1564,
    1683, 1802, 1925, 2051, 2162, 2233, 2245, 2192, 2095, 2109, 2195, 2350, 2468, 2527, 2487, 2365,
    2204, 2015, 1868, 1765, 1689, 1650, 1631, 1621, 1619, 1626, 1644, 1669, 1700, 1735, 1774, 1815,
    1860, 1908, 1959, 2011, 2065, 2120, 2176, 2233, 2293, 2354, 2415, 2477, 2540, 2603, 2665, 2725,
    2785, 2844, 2903, 2960, 3015, 3066, 3113, 3155, 3192, 3226, 3258, 3286, 3311, 3332, 3350, 3364,
    3374, 3381, 3383, 3381, 3375, 3365, 3352, 3336, 3316, 3293, 3267, 3238, 3208, 3176, 3142, 3106,
    3069, 3030, 2990, 2948, 2906, 2862, 2817, 2772, 2725, 2678, 2630, 2581, 2532, 2482, 2431, 2380,
    2329, 2277, 2226, 2174, 2123, 2073, 2024, 1975, 1926, 1877, 1828, 1778, 1728, 1678, 1628, 1578,
    1530, 1483, 1438, 1395, 1353, 1313, 1276, 1239, 1202, 1167, 1131, 1096, 1062, 1031, 1004,  979,
     958,  938,  922,  908,  896,  888,  885,  887,  895,  909,  929,  954,  983, 1018, 1056, 1099,
    1145, 1195, 1246, 1300, 1359, 1423, 1489, 1554, 1616, 1673, 1727, 1778, 1826, 1872, 1916, 1956,
    1995, 2030, 2058, 2081, 2099, 2109, 2103, 2082, 2027, 1982, 1993, 1800, 1682, 1676, 1714, 1777,
    1851, 1949, 2053, 2157, 2265, 2374, 2483, 2591, 2684, 2752, 2790, 2804, 2797, 2761, 2687, 2589,
    2475, 2348, 2222, 2108, 2005, 1920, 1854, 1805, 1782, 1785, 1810, 1863, 1944, 2050, 2204, 2369,
    2518, 2632, 2696, 2724, 2724, 2704, 2668, 2616, 2552, 2476, 2391, 2296, 2197, 2098, 1998, 1899,
    1798, 1699, 1607, 1522, 1444, 1374, 1316, 1272, 1239, 1219, 1216, 1229, 1252, 1292, 1358, 1446,
    1534, 1626, 1728, 1827, 1917, 1993, 2053, 2097, 2124, 2129, 2101, 2033, 1888, 1721, 1687, 1746,
    1862, 2030, 2206, 2381, 2509, 2595, 2625, 2602, 2533, 2420, 2268, 2096, 1940, 1799, 1688, 1625,
    1612, 1640, 1719, 1820, 1937, 2046, 2149, 2236, 2306, 2368, 2426, 2476, 2516, 2549, 2578, 2605,
    2630, 2653, 2672, 2685, 2697, 2710, 2721, 2729, 2735, 2743, 2750, 2754, 2753, 2748, 2739, 2727,
    2711, 2692, 2671, 2648, 2621, 2591, 2560, 2529, 2496, 2461, 2423, 2383, 2340, 2296, 2249, 2201,
    2151, 2100, 2048, 1994, 1940, 1887, 1834, 1781, 1727, 1671, 1614, 1557, 1501, 1446, 1393, 1342,
    1293, 1245, 1199, 1156, 1116, 1079, 1046, 1017,  995,  979,  969,  965,  965,  970,  983, 1002,
    1030, 1065, 1104, 1148, 1194, 1243, 1296, 1354, 1416, 1479, 1545, 1614, 1685, 1757, 1832, 1906,
    1979, 2050, 2119, 2186, 2251, 2314, 2373, 2427, 2476, 2519, 2553, 2575, 2585, 2584, 2569, 2535,
    2478, 2399, 2298, 2173, 2033, 1885, 1743, 1617, 1512, 1438, 1394, 1374, 1383, 1426, 1500, 1604,
    1728, 1861, 2005, 2146, 2268, 2365, 2439, 2484, 2484, 2393, 2182, 2008, 1951, 1992, 2133, 2323,
    2446, 2423, 2286, 2152, 2099, 2137, 2153, 2128, 2079, 2006, 1916, 1814, 1707, 1608, 1514, 1432,
    1371, 1335, 1330, 1354, 1398, 1462, 1550, 1659, 1775, 1891, 2010, 2128, 2229, 2306, 2350, 2340,
    2210, 1898, 1899, 2230, 2349, 2136, 1900, 1797, 1753, 1734, 1734, 1749, 1774, 1807, 1845, 1888,
    1938, 1994, 2053, 2115, 2180, 2246, 2316, 2387, 2460, 2534, 2607, 2679, 2750, 2819, 2884, 2944,
    2998, 3047, 3090, 3126, 3156, 3180, 3197, 3207, 3211, 3208, 3200, 3187, 3168, 3144, 3115, 3082,
    3046, 3007, 2965, 2920, 2873, 2823, 2771, 2717, 2662, 2605, 2547, 2488, 2428, 2368, 2308, 2247,
    2187, 2127, 2067, 2007, 1948, 1888, 1829, 1771, 1713, 1657, 1603, 1550, 1499, 1450, 1403, 1359,
    1316, 1276, 1238, 1204, 1174, 1150, 1130, 1116, 1107, 1107, 1114, 1131, 1157, 1192, 1236, 1287,
    1348, 1415, 1487, 1559, 1629, 1697, 1762, 1823, 1879, 1927, 1969, 2005, 2036, 2056, 2061, 2039,
    2085, 1988, 1752, 1683, 1724, 1823, 1956, 2117, 2288, 2441, 2555, 2612, 2597, 2503, 2344, 2148,
    1976, 1854, 1774, 1731, 1718, 1733, 1773, 1834, 1916, 2020, 2140, 2270, 2404, 2528, 2637, 2727,
    2791, 2827, 2844, 2841, 2817, 2776, 2719, 2649, 2570, 2483, 2390, 2294, 2194, 2095, 1997, 1902,
    1812, 1727, 1648, 1576, 1510, 1454, 1411, 1386, 1377, 1388, 1421, 1477, 1555, 1648, 1746, 1829,
    1892, 1939, 1960, 1950, 1906, 1822, 1733, 1718, 1790, 1911, 2074, 2258, 2429, 2543, 2586, 2563,
    2478, 2343, 2175, 2000, 1836, 1715, 1650, 1660, 1781, 1988, 2174, 2286, 2338, 2345, 2334, 2328,
    2336, 2356, 2389, 2440, 2491, 2538, 2568, 2575, 2563, 2534, 2495, 2445, 2387, 2323, 2254, 2181,
    2104, 2022, 1936, 1850, 1764, 1679, 1596, 1516, 1440, 1372, 1314, 1266, 1228, 1203, 1190, 1195,
    1214, 1251, 1304, 1369, 1443, 1528, 1623, 1724, 1828, 1934, 2038, 2136, 2226, 2306, 2374, 2429,
    2472, 2499, 2506, 2488, 2442, 2365, 2260, 2125, 1967, 1806, 1659, 1543, 1465, 1428, 1429, 1470,
    1548, 1658, 1793, 1934, 2075, 2209, 2322, 2415, 2475, 2483, 2415, 2234, 2070, 2015, 2114, 2274,
    2190, 2215, 2221, 2184, 2124, 2041, 1942, 1838, 1727, 1613, 1515, 1440, 1394, 1383, 1404, 1458,
    1536, 1634, 1749, 1876, 2006, 2128, 2236, 2319, 2361, 2319, 2043, 1879, 2215, 2157, 1873, 1794,
    1776, 1784, 1813, 1857, 1913, 1979, 2050, 2130, 2212, 2296, 2380, 2463, 2545, 2626, 2702, 2773,
    2838, 2895, 2942, 2977, 3000, 3010, 3008, 2996, 2973, 2941, 2901, 2854, 2799, 2740, 2675, 2607,
    2538, 2467, 2394, 2320, 2245, 2169, 2093, 2017, 1942, 1869, 1797, 1728, 1663, 1603, 1549, 1502,
    1461, 1426, 1401, 1389, 1394, 1418, 1462, 1528, 1609, 1699, 1775, 1834, 1880, 1909, 1919, 1901,
    1861, 2135, 2111, 1819, 1703, 1717, 1811, 1951, 2120, 2295, 2450, 2562, 2620, 2621, 2568, 2457,
    2294, 2109, 1938, 1800, 1700, 1640, 1615, 1624, 1662, 1725, 1810, 1919, 2047, 2187, 2328, 2460,
    2576, 2670, 2737, 2775, 2786, 2770, 2728, 2663, 2578, 2480, 2374, 2264, 2154, 2044, 1938, 1837,
    1744, 1663, 1595, 1545, 1513, 1505, 1529, 1593, 1684, 1783, 1863, 1909, 1915, 1874, 1804, 1755,
    1817, 1999, 2233, 2413, 2450, 2332, 2104, 1867, 1725, 1729, 1891, 2152, 2329, 2368, 2309, 2242,
    2211, 2227, 2293, 2392, 2470, 2496, 2478, 2437, 2379, 2306, 2224, 2133, 2036, 1932, 1824, 1717,
    1614, 1520, 1438, 1372, 1325, 1298, 1295, 1314, 1360, 1429, 1517, 1621, 1737, 1857, 1979, 2098,
    2205, 2302, 2384, 2447, 2485, 2495, 2471, 2407, 2296, 2143, 1962, 1778, 1627, 1534, 1514, 1571,
    1698, 1887, 2076, 2224, 2294, 2203, 2012, 2221, 2283, 2171, 2160, 2249, 2360, 2385, 2360, 2313,
    2254, 2184, 2104, 2017, 1922, 1824, 1724, 1625, 1532, 1449, 1378, 1318, 1274, 1248, 1240, 1252,
    1284, 1335, 1402, 1482, 1574, 1673, 1775, 1877, 1977, 2073, 2164, 2251, 2330, 2395, 2438, 2445,
    2384, 2200, 1936, 1936, 2076, 1821, 1800, 1846, 1919, 2010, 2111, 2220, 2333, 2443, 2547, 2635,
    2702, 2746, 2769, 2765, 2736, 2684, 2610, 2519, 2416, 2309, 2202, 2099, 2001, 1910, 1831, 1765,
    1721, 1710, 1748, 1831, 1872, 1838, 1799, 1933, 2133, 1954, 1755, 1767, 1862, 2012, 2189, 2366,
    2505, 2581, 2597, 2555, 2450, 2299, 2118, 1937, 1786, 1683, 1627, 1612, 1638, 1701, 1798, 1926,
    2076, 2235, 2384, 2514, 2611, 2667, 2685, 2662, 2603, 2512, 2396, 2265, 2129, 1999, 1880, 1776,
    1696, 1645, 1634, 1678, 1773, 1867, 1909, 1888, 1807, 1799, 1949, 2202, 2389, 2428, 2335, 2141,
    1900, 1716, 1635, 1654, 1774, 1969, 2186, 2357, 2441, 2406, 2279, 2171, 2129, 2150, 2242, 2377,
    2453, 2457, 2416, 2342, 2250, 2143, 2025, 1903, 1781, 1665, 1559, 1472, 1410, 1379, 1385, 1429,
    1514, 1630, 1763, 1905, 2046, 2171, 2271, 2336, 2357, 2316, 2180, 1927, 1706, 1671, 1850, 2128,
    2261, 2024, 2086, 2082, 2141, 2247, 2382, 2491, 2551, 2569, 2553, 2514, 2460, 2397, 2325, 2245,
    2159, 2068, 1974, 1879, 1785, 1693, 1603, 1519, 1440, 1371, 1314, 1272, 1249, 1246, 1263, 1300,
    1356, 1429, 1518, 1616, 1721, 1827, 1929, 2025, 2110, 2184, 2247, 2291, 2303, 2229, 1912, 2192,
    1888, 1921, 2045, 2206, 2371, 2499, 2559, 2533, 2434, 2289, 2124, 1978, 1890, 1924, 1960, 1827,
    2060, 2024, 1772, 1735, 1821, 1975, 2169, 2357, 2486, 2522, 2466, 2307, 2092, 1894, 1770, 1725,
    1749, 1836, 1972, 2141, 2314, 2454, 2550, 2585, 2559, 2485, 2371, 2239, 2107, 1984, 1877, 1790,
    1726, 1701, 1716, 1756, 1793, 1814, 1840, 1914, 2074, 2298, 2408, 2381, 2265, 2085, 1882, 1700,
    1597, 1592, 1687, 1860, 2062, 2237, 2361, 2365, 2200, 2079, 2088, 2192, 2361, 2448, 2424, 2336,
    2213, 2062, 1900, 1744, 1621, 1551, 1550, 1641, 1829, 2034, 2178, 2241, 2203, 2003, 1726, 1751,
    2015, 2244, 2141, 2028, 1982, 2056, 2177, 2335, 2481, 2568, 2592, 2568, 2509, 2431, 2340, 2240,
    2134, 2023, 1910, 1799, 1694, 1600, 1520, 1457, 1415, 1398, 1414, 1465, 1548, 1657, 1780, 1903,
    2016, 2110, 2186, 2239, 2203, 1927, 2061, 2211, 2315, 2335, 2239, 2120, 2003, 1836, 2026, 1883,
    2143, 1966, 2070, 2203, 2324, 2410, 2441, 2417, 2350, 2262, 2159, 2047, 1936, 1829, 1730, 1646,
    1586, 1558, 1569, 1621, 1698, 1789, 1892, 2007, 2127, 2245, 2287, 2060, 1839, 2000, 2184, 2241,
    2218, 2160, 1916, 1912, 1902, 2020, 1974, 2068, 2217, 2366, 2435, 2396, 2303, 2172, 2030, 1896,
    1771, 1675, 1646, 1702, 1820, 1962, 2104, 2212, 1954, 1890, 2100, 2261, 2255, 2160, 2133, 1879,
    1884, 1998, 1959, 2110, 2250, 2369, 2388, 2322, 2209, 2086, 1960, 1839, 1731, 1654, 1631, 1671,
    1776, 1904, 2035, 2182, 2044, 2008, 2238, 2118, 2142, 1894, 1852, 1973, 2066, 2187, 2325, 2377,
    2312, 2188, 2044, 1900, 1778, 1691, 1668, 1751, 1894, 2055, 2182, 1917, 2035, 2238, 2109, 2183,
    1969, 1825, 1807, 1919, 2114, 2118, 2271, 2336, 2243, 2088, 1921, 1777, 1732, 1858, 2057, 2119,
    1897, 2164, 2150, 2176, 1979, 1844, 1988, 2075, 2218, 2304, 2226, 2068, 1898, 1771, 1837, 2044,
    1994, 2136, 2039, 2241, 2067, 1869, 1789, 1885, 2049, 2138, 2235, 2124, 1919, 1837, 2071, 1889,
    2161, 2085, 2220, 2052, 1849, 1816, 2000, 1989, 2163, 2231, 2070, 1895, 1960, 2078, 2227, 2066,
    1855, 1895, 2119, 2189, 2116, 1897, 1941, 2081, 2066, 1856, 1851, 2093, 2049, 2148, 1938, 2131,
    2153, 2084, 1865, 1855, 2101, 1955, 2210, 2103, 2018, 2072, 2066, 2061, 2055, 2051, 2049, 2041,
    2010, 1941, 1823, 1664, 1482, 1300, 1139, 1039, 1049, 1091, 1166, 1268, 1397, 1540, 1692, 1850,
    2016, 2203, 2256, 2354, 2396, 2440, 2502, 2620, 2691, 2621, 2474, 2362, 2079, 2004, 2088, 1875,
    1627, 1473, 1565, 1702, 1938, 2165, 2179, 2494, 2336, 1791, 1965, 1672, 1642, 1752, 1739, 2029,
    2281, 2344, 2634, 2591, 2143, 2066, 2146, 2176, 2191, 2152, 2089, 2049, 1989, 1959, 1958, 1970,
    2005, 2058, 2128, 2207, 2273, 2315, 2345, 2367, 2385, 2407, 2448, 2510, 2597, 2697, 2813, 2918,
    3020, 3099, 3137, 3172, 3201, 3206, 3197, 3201, 3232, 3282, 3340, 3379, 3390, 3385, 3365, 3326,
    3272, 3214, 3148, 3070, 2974, 2871, 2770, 2669, 2558, 2440, 2327, 2240, 2173, 2118, 2069, 2035,
    2011, 1988, 1964, 1935, 1902, 1864, 1817, 1761, 1700, 1638, 1576, 1510, 1439, 1365, 1299, 1243,
    1198, 1167, 1147, 1128, 1104, 1077, 1057, 1041, 1018,  995, 1000, 1018, 1029, 1057, 1094, 1162,
    1261, 1390, 1538, 1651, 1743, 1822, 1893, 1987, 2114, 2229, 2340, 2405, 2412, 2345, 2255, 2166,
    2101, 2075, 2082, 1952, 1688, 1628, 1850, 2206, 2411, 2241, 2082, 1977, 1757, 1628, 1656, 1830,
    2102, 2415, 2531, 2420, 2337, 2302, 2304, 2266, 2230, 2227, 2206, 2182, 2163, 2154, 2161, 2171,
    2181, 2189, 2202, 2228, 2265, 2315, 2377, 2445, 2513, 2584, 2656, 2724, 2794, 2859, 2920, 2981,
    3044, 3102, 3145, 3184, 3215, 3233, 3238, 3241, 3242, 3235, 3218, 3193, 3163, 3129, 3091, 3049,
    3007, 2967, 2930, 2892, 2852, 2809, 2763, 2714, 2663, 2611, 2560, 2508, 2455, 2402, 2350, 2297,
    2243, 2188, 2131, 2072, 2011, 1949, 1885, 1820, 1757, 1697, 1639, 1581, 1522, 1460, 1399, 1340,
    1281, 1225, 1171, 1121, 1076, 1032,  990,  954,  924,  898,  873,  853,  842,  842,  847,  858,
     877,  905,  943,  990, 1049, 1117, 1191, 1264, 1335, 1410, 1484, 1556, 1636, 1718, 1796, 1863,
    1918, 1972, 2027, 2072, 2108, 2138, 2167, 2193, 2219, 2241, 2259, 2272, 2262, 2180, 1977, 1741,
    1921, 1995, 1968, 1893, 1700, 1610, 1665, 1890, 2126, 2312, 2371, 2275, 2132, 2037, 1982, 1939,
    1923, 1936, 1969, 2014, 2079, 2152, 2237, 2332, 2426, 2520, 2617, 2708, 2796, 2875, 2933, 2972,
    2994, 3007, 3015, 3016, 3005, 2984, 2953, 2918, 2876, 2825, 2768, 2705, 2637, 2565, 2493, 2420,
    2344, 2264, 2181, 2095, 2007, 1918, 1830, 1746, 1667, 1592, 1520, 1452, 1388, 1328, 1276, 1233,
    1198, 1170, 1149, 1136, 1135, 1148, 1172, 1211, 1271, 1346, 1428, 1520, 1633, 1752, 1868, 1976,
    2073, 2163, 2241, 2303, 2344, 2367, 2368, 2313, 2152, 1878, 1871, 2125, 2382, 2342, 2076, 1802,
    1686, 1794, 2074, 2338, 2343, 2249, 2148, 2100, 2069, 2057, 2070, 2095, 2130, 2180, 2244, 2316,
    2395, 2485, 2577, 2658, 2735, 2811, 2879, 2929, 2963, 2984, 2992, 2985, 2969, 2946, 2917, 2882,
    2841, 2796, 2744, 2689, 2631, 2570, 2506, 2439, 2370, 2299, 2228, 2156, 2082, 2006, 1928, 1849,
    1771, 1696, 1625, 1558, 1494, 1430, 1368, 1307, 1251, 1202, 1157, 1118, 1085, 1059, 1042, 1036,
    1040, 1053, 1074, 1106, 1152, 1210, 1273, 1340, 1415, 1504, 1602, 1700, 1793, 1882, 1963, 2035,
    2100, 2161, 2213, 2254, 2282, 2292, 2270, 2214, 2084, 1805, 1959, 2192, 2029, 1751, 1699, 1797,
    2005, 2254, 2458, 2531, 2462, 2256, 2069, 1957, 1889, 1862, 1867, 1894, 1956, 2046, 2157, 2296,
    2432, 2565, 2681, 2758, 2808, 2839, 2846, 2832, 2804, 2765, 2717, 2658, 2593, 2521, 2443, 2360,
    2275, 2187, 2097, 2004, 1910, 1816, 1724, 1638, 1557, 1480, 1408, 1342, 1282, 1231, 1186, 1151,
    1127, 1117, 1120, 1136, 1166, 1215, 1281, 1357, 1440, 1534, 1639, 1747, 1850, 1946, 2032, 2113,
    2185, 2244, 2285, 2305, 2293, 2231, 2068, 1838, 2161, 2270, 1957, 1733, 1752, 1973, 2265, 2420,
    2390, 2294, 2213, 2152, 2120, 2107, 2104, 2115, 2138, 2172, 2212, 2261, 2320, 2387, 2461, 2542,
    2627, 2707, 2780, 2844, 2901, 2948, 2981, 3001, 3010, 3012, 3004, 2988, 2965, 2935, 2900, 2859,
    2814, 2764, 2711, 2655, 2595, 2534, 2470, 2405, 2338, 2269, 2197, 2125, 2052, 1980, 1907, 1834,
    1762, 1690, 1620, 1554, 1490, 1430, 1372, 1318, 1267, 1219, 1174, 1134, 1100, 1070, 1047, 1032,
    1024, 1025, 1035, 1054, 1084, 1124, 1178, 1242, 1315, 1391, 1473, 1560, 1651, 1742, 1829, 1910,
    1984, 2050, 2109, 2161, 2203, 2235, 2252, 2255, 2232, 2166, 2041, 1789, 1813, 2115, 2187, 2050,
    1772, 1638, 1698, 1895, 2165, 2378, 2433, 2299, 2118, 2012, 1964, 1948, 1963, 2006, 2064, 2136,
    2224, 2328, 2445, 2560, 2665, 2753, 2816, 2854, 2872, 2871, 2850, 2812, 2762, 2700, 2629, 2551,
    2466, 2376, 2281, 2183, 2085, 1985, 1888, 1795, 1709, 1629, 1556, 1488, 1428, 1381, 1347, 1329,
    1332, 1359, 1416, 1507, 1622, 1756, 1889, 2003, 2092, 2151, 2177, 2140, 1979, 1863, 2194, 2125,
    1805, 1678, 1789, 2057, 2321, 2399, 2283, 2146, 2071, 2041, 2039, 2052, 2083, 2137, 2204, 2281,
    2370, 2466, 2564, 2659, 2742, 2807, 2854, 2880, 2888, 2880, 2861, 2829, 2787, 2734, 2674, 2608,
    2537, 2461, 2381, 2297, 2210, 2121, 2032, 1943, 1855, 1770, 1687, 1608, 1533, 1466, 1403, 1346,
    1297, 1260, 1236, 1227, 1234, 1258, 1301, 1364, 1449, 1554, 1668, 1790, 1912, 2025, 2126, 2214,
    2285, 2336, 2355, 2323, 2205, 1911, 1825, 2046, 1972, 1740, 1847, 2188, 2242, 2041, 1975, 1976,
    2015, 2083, 2177, 2286, 2410, 2535, 2644, 2717, 2758, 2771, 2757, 2723, 2670, 2600, 2518, 2428,
    2331, 2229, 2125, 2018, 1914, 1813, 1717, 1629, 1553, 1488, 1434, 1396, 1380, 1394, 1449, 1544,
    1675, 1816, 1958, 2079, 2165, 2205, 2161, 1928, 2178, 2325, 2146, 1832, 1672, 1770, 2090, 2268,
    2128, 2011, 1988, 2018, 2087, 2188, 2307, 2440, 2567, 2661, 2711, 2730, 2719, 2685, 2635, 2570,
    2493, 2406, 2313, 2215, 2113, 2010, 1906, 1805, 1707, 1614, 1532, 1462, 1405, 1365, 1345, 1352,
    1393, 1471, 1583, 1716, 1851, 1980, 2088, 2171, 2217, 2206, 2055, 2084, 1865, 1924, 2291, 2306,
    2001, 1879, 1870, 1917, 2008, 2148, 2316, 2477, 2597, 2661, 2683, 2671, 2632, 2574, 2498, 2406,
    2302, 2190, 2074, 1957, 1846, 1742, 1645, 1556, 1479, 1417, 1373, 1355, 1366, 1414, 1498, 1613,
    1753, 1889, 2012, 2116, 2192, 2220, 2154, 1901, 2252, 1940, 1782, 2054, 2305, 2261, 2172, 2142,
    2149, 2191, 2258, 2343, 2440, 2537, 2616, 2660, 2668, 2650, 2612, 2558, 2490, 2410, 2320, 2225,
    2128, 2030, 1931, 1832, 1737, 1645, 1559, 1484, 1424, 1379, 1355, 1356, 1388, 1457, 1554, 1667,
    1788, 1899, 1994, 2069, 2112, 2106, 2010, 2089, 1992, 1816, 2176, 2271, 2008, 1936, 1950, 2008,
    2096, 2209, 2343, 2475, 2588, 2667, 2711, 2716, 2692, 2643, 2574, 2490, 2396, 2296, 2191, 2081,
    1971, 1864, 1763, 1669, 1587, 1516, 1462, 1430, 1430, 1472, 1556, 1682, 1825, 1945, 2032, 2077,
    2060, 1930, 2102, 1775, 2045, 2243, 2071, 2038, 2073, 2147, 2249, 2373, 2499, 2596, 2645, 2644,
    2609, 2548, 2464, 2360, 2240, 2115, 1988, 1865, 1749, 1645, 1564, 1515, 1509, 1568, 1712, 1910,
    2085, 2199, 2214, 1978, 2096, 1900, 1871, 2219, 2030, 1991, 2057, 2186, 2349, 2490, 2570, 2586,
    2550, 2475, 2375, 2261, 2140, 2013, 1883, 1759, 1651, 1566, 1511, 1498, 1541, 1648, 1802, 1956,
    2074, 2130, 2082, 2228, 1956, 1753, 2026, 2219, 2019, 2009, 2091, 2231, 2386, 2514, 2576, 2572,
    2525, 2442, 2334, 2209, 2074, 1935, 1801, 1682, 1587, 1526, 1511, 1555, 1676, 1847, 2008, 2117,
    2130, 2019, 2137, 1910, 1970, 2116, 2306, 2467, 2546, 2545, 2489, 2394, 2272, 2131, 1985, 1843,
    1716, 1614, 1546, 1530, 1583, 1716, 1897, 2045, 2120, 2046, 2085, 1823, 2127, 2298, 2085, 2042,
    2138, 2317, 2455, 2469, 2397, 2271, 2116, 1952, 1794, 1663, 1585, 1590, 1690, 1870, 2022, 2076,
    1944, 1866, 2194, 2009, 1932, 1970, 2071, 2212, 2367, 2505, 2599, 2634, 2620, 2565, 2485, 2384,
    2269, 2143, 2014, 1889, 1772, 1667, 1582, 1525, 1510, 1547, 1648, 1798, 1946, 2047, 2083, 1992,
    1945, 2148, 2018, 2097, 2278, 2443, 2476, 2392, 2241, 2047, 1858, 1724, 1696, 1890, 2119, 1986,
    2063, 1951, 2172, 2011, 2092, 2297, 2446, 2451, 2348, 2198, 2025, 1854, 1708, 1630, 1669, 1826,
    2032, 2130, 2143, 1899, 1812, 2139, 2080, 1984, 2115, 2327, 2465, 2457, 2359, 2209, 2028, 1849,
    1705, 1634, 1670, 1850, 2059, 2112, 1972, 1997, 2053, 2299, 2418, 2334, 2152, 1946, 1772, 1701,
    1782, 1981, 2067, 1962, 2231, 2094, 2266, 2181, 1980, 1804, 1747, 1851, 2027, 2028, 2086, 2123,
    2279, 2382, 2320, 2185, 2027, 1880, 1765, 1737, 1837, 2012, 2122, 2087, 2238, 2258, 2084, 1902,
    1813, 1977, 1960, 2050, 2216, 2305, 2164, 1977, 1804, 1809, 2016, 2212, 1920, 2051, 2214, 2280,
    2116, 1932, 1812, 1912, 2156, 2024, 2227, 2183, 1996, 1835, 1825, 2017, 2194, 1963, 2001, 2253,
    2101, 1889, 1855, 2080, 2106, 2186, 2258, 2075, 1892, 1803, 1921, 2155, 2046, 2237, 2211, 2021,
    1841, 1851, 2097, 2033, 2203, 2166, 1924, 1921, 2090, 2059, 2235, 2131, 1910, 1855, 2082, 2071,
    2229, 2110, 1892, 1838, 2081, 2128, 2228, 2057, 1845, 2011, 2108, 2153, 1908, 1904, 2103, 2092,
    2216, 2166, 1938, 1809, 2033, 2006, 2155, 1893, 1990, 2172, 1885, 2090, 2027, 2105, 2063, 1940,
    2075, 1981, 2025, 2004, 2086, 1916, 1999, 2150, 1896, 1969, 2108, 1954, 2100, 2106, 2103, 2101,
    2099, 2098, 2094, 2092, 2090, 2089, 2087, 2085, 2082, 2080, 2078, 2076, 2074, 2073, 2073, 2069,
    2067, 2067, 2066, 2065, 2062, 2061, 2060, 2052, 2045, 2037, 2025, 2011, 1992, 1971, 1949, 1918,
    1886, 1850, 1811, 1770, 1722, 1672, 1618, 1561, 1502, 1438, 1373, 1306, 1235, 1162, 1086, 1009,
     931,  853,  773,  693,  614,  535,  456,  380,  311,  248,  212,  186,  174,  158,  140,  128,
     118,  115,  111,  107,  112,  118,  125,  134,  148,  164,  183,  204,  226,  254,  283,  312,
     343,  376,  411,  447,  488,  530,  573,  617,  662,  708,  756,  805,  854,  908,  961, 1014,
    1067, 1121, 1172, 1222, 1269, 1316, 1368, 1422, 1478, 1532, 1584, 1631, 1677, 1731, 1790, 1865,
    1939, 2008, 2047, 2064, 2070, 2072, 2104, 2136, 2163, 2195, 2234, 2276, 2321, 2337, 2348, 2357,
    2369, 2389, 2407, 2424, 2438, 2450, 2460, 2489, 2544, 2611, 2671, 2702, 2735, 2759, 2767, 2728,
    2700, 2702, 2714, 2666, 2541, 2458, 2415, 2210, 1969, 1834, 1858, 1925, 1997, 1977, 1887, 1639,
    1343, 1147, 1116, 1156, 1222, 1425, 1628, 1753, 1850, 1930, 1971, 1977, 2076, 2165, 2160, 2359,
    2611, 2722, 2693, 2640, 2626, 2639, 2633, 2615, 2657, 2773, 2920, 2999, 3006, 2963, 2870, 2692,
    2469, 2216, 2090, 2070, 2010, 1961, 1971, 1972, 1862, 1679, 1450, 1306, 1237, 1266, 1379, 1514,
    1625, 1763, 1911, 1854, 1650, 1508, 1434, 1580, 1917, 2253, 2461, 2578, 2644, 2611, 2556, 2554,
    2672, 2721, 2673, 2396, 2159, 2095, 2038, 1976, 1939, 1873, 1770, 1683, 1601, 1588, 1627, 1670,
    1729, 1777, 1835, 1912, 1966, 2005, 2023, 2032, 2047, 2070, 2120, 2197, 2321, 2471, 2650, 2834,
    2984, 3125, 3222, 3263, 3265, 3223, 3152, 3080, 3018, 2963, 2918, 2891, 2900, 2912, 2937, 2977,
    3016, 3045, 3064, 3068, 3060, 3031, 2973, 2898, 2828, 2754, 2665, 2573, 2494, 2413, 2319, 2240,
    2182, 2128, 2064, 1996, 1930, 1868, 1801, 1731, 1657, 1577, 1504, 1441, 1380, 1324, 1275, 1225,
    1189, 1162, 1148, 1144, 1147, 1154, 1165, 1181, 1199, 1220, 1245, 1270, 1293, 1315, 1337, 1357,
    1376, 1394, 1409, 1420, 1431, 1441, 1456, 1477, 1499, 1523, 1546, 1568, 1589, 1607, 1627, 1652,
    1678, 1709, 1741, 1769, 1798, 1834, 1870, 1911, 1953, 1997, 2042, 2091, 2143, 2198, 2256, 2316,
    2379, 2442, 2507, 2572, 2632, 2691, 2736, 2780, 2822, 2863, 2907, 2951, 2996, 3042, 3088, 3135,
    3179, 3220, 3260, 3291, 3322, 3346, 3370, 3387, 3405, 3421, 3437, 3458, 3482, 3507, 3533, 3560,
    3589, 3618, 3654, 3689, 3729, 3768, 3807, 3847, 3880, 3909, 3934, 3955, 3975, 3995, 4014, 4035,
    4055, 4071, 4085, 4095, 4095, 4095, 4090, 4084, 4077, 4070, 4062, 4052, 4041, 4027, 4010, 3993,
    3970, 3947, 3922, 3893, 3864, 3830, 3794, 3758, 3718, 3677, 3636, 3594, 3551, 3511, 3473, 3435,
    3398, 3361, 3325, 3285, 3244, 3203, 3162, 3120, 3078, 3035, 2993, 2950, 2910, 2874, 2837, 2802,
    2771, 2740, 2709, 2680, 2652, 2624, 2598, 2573, 2547, 2522, 2497, 2472, 2447, 2427, 2406, 2385,
    2366, 2347, 2329, 2310, 2290, 2270, 2250, 2229, 2208, 2187, 2165, 2144, 2122, 2100, 2075, 2048,
    2022, 1994, 1965, 1935, 1905, 1876, 1848, 1819, 1791, 1762, 1733, 1704, 1676, 1648, 1620, 1592,
    1564, 1535, 1506, 1475, 1443, 1412, 1380, 1348, 1317, 1285, 1255, 1225, 1195, 1166, 1137, 1108,
    1078, 1048, 1017,  988,  959,  931,  903,  875,  847,  819,  792,  764,  737,  715,  694,  672,
     655,  637,  620,  601,  581,  562,  541,  521,  501,  482,  463,  446,  429,  413,  399,  384,
     370,  355,  340,  327,  315,  305,  295,  285,  275,  266,  256,  247,  241,  235,  236,  237,
     242,  247,  250,  252,  253,  256,  265,  279,  301,  329,  363,  402,  445,  486,  527,  565,
     602,  638,  673,  707,  741,  777,  813,  848,  885,  922,  961, 1001, 1043, 1086, 1130, 1175,
    1220, 1262, 1305, 1344, 1384, 1426, 1470, 1517, 1568, 1620, 1671, 1723, 1771, 1820, 1870, 1916,
    1959, 1997, 2033, 2069, 2106, 2142, 2176, 2206, 2231, 2254, 2278, 2304, 2331, 2351, 2367, 2376,
    2384, 2392, 2398, 2406, 2413, 2418, 2422, 2432, 2447, 2461, 2466, 2461, 2452, 2444, 2431, 2408,
    2361, 2286, 2162, 1965, 1762, 1562, 1404, 1363, 1367, 1404, 1478, 1562, 1636, 1749, 1881, 1999,
    2095, 2200, 2336, 2440, 2515, 2598, 2648, 2658, 2639, 2575, 2504, 2393, 2264, 2129, 1968, 1864,
    1780, 1704, 1658, 1608, 1582, 1541, 1534, 1546, 1563, 1621, 1722, 1864, 2011, 2158, 2311, 2453,
    2575, 2679, 2764, 2838, 2885, 2906, 2909, 2891, 2857, 2812, 2758, 2685, 2602, 2511, 2423, 2307,
    2182, 2060, 1938, 1823, 1719, 1633, 1553, 1478, 1425, 1391, 1383, 1395, 1415, 1444, 1494, 1556,
    1628, 1707, 1784, 1863, 1958, 2059, 2154, 2240, 2314, 2390, 2469, 2547, 2617, 2684, 2748, 2804,
    2856, 2894, 2917, 2934, 2947, 2938, 2899, 2848, 2778, 2695, 2614, 2517, 2408, 2293, 2179, 2066,
    1962, 1879, 1814, 1756, 1704, 1655, 1608, 1564, 1527, 1501, 1484, 1473, 1467, 1465, 1465, 1468,
    1474, 1482, 1493, 1505, 1519, 1535, 1553, 1573, 1595, 1620, 1646, 1674, 1703, 1733, 1764, 1795,
    1826, 1856, 1886, 1917, 1949, 1982, 2018, 2054, 2094, 2134, 2176, 2218, 2262, 2306, 2351, 2396,
    2442, 2487, 2531, 2576, 2620, 2666, 2712, 2758, 2805, 2852, 2899, 2945, 2990, 3035, 3080, 3124,
    3168, 3212, 3255, 3298, 3341, 3382, 3422, 3459, 3496, 3530, 3563, 3592, 3620, 3647, 3672, 3697,
    3721, 3744, 3767, 3789, 3810, 3829, 3847, 3861, 3875, 3883, 3891, 3896, 3900, 3902, 3904, 3904,
    3903, 3901, 3897, 3892, 3884, 3876, 3865, 3854, 3842, 3828, 3814, 3799, 3784, 3768, 3752, 3735,
    3718, 3701, 3684, 3666, 3648, 3629, 3610, 3590, 3569, 3549, 3527, 3504, 3481, 3457, 3432, 3406,
    3379, 3352, 3324, 3295, 3267, 3237, 3208, 3179, 3149, 3120, 3091, 3061, 3031, 3001, 2970, 2940,
    2909, 2878, 2847, 2816, 2785, 2754, 2722, 2691, 2659, 2628, 2596, 2564, 2531, 2499, 2466, 2433,
    2401, 2368, 2335, 2302, 2269, 2236, 2203, 2170, 2137, 2104, 2072, 2039, 2006, 1973, 1940, 1908,
    1875, 1843, 1812, 1780, 1749, 1718, 1687, 1656, 1624, 1592, 1560, 1527, 1495, 1462, 1429, 1396,
    1364, 1331, 1299, 1268, 1236, 1206, 1176, 1147, 1118, 1089, 1061, 1034, 1007,  980,  954,  928,
     902,  877,  852,  828,  805,  782,  759,  737,  714,  691,  668,  646,  623,  600,  579,  557,
     537,  518,  500,  484,  469,  455,  443,  431,  422,  413,  405,  398,  393,  388,  385,  381,
     380,  378,  378,  379,  382,  386,  392,  398,  406,  417,  429,  446,  464,  486,  509,  535,
     562,  589,  617,  645,  673,  702,  732,  763,  796,  830,  866,  903,  941,  979, 1017, 1055,
    1094, 1132, 1171, 1210, 1248, 1285, 1322, 1360, 1397, 1434, 1470, 1507, 1542, 1576, 1608, 1638,
    1667, 1694, 1721, 1747, 1771, 1795, 1816, 1836, 1854, 1870, 1886, 1900, 1913, 1926, 1938, 1951,
    1963, 1974, 1983, 1991, 1997, 2000, 1999, 1992, 1979, 1958, 1934, 1907, 1880, 1847, 1802, 1741,
    1665, 1591, 1518, 1449, 1403, 1409, 1430, 1473, 1534, 1600, 1678, 1783, 1898, 2019, 2136, 2255,
    2372, 2467, 2550, 2619, 2674, 2701, 2697, 2667, 2619, 2561, 2480, 2375, 2259, 2143, 2011, 1874,
    1751, 1650, 1559, 1470, 1406, 1372, 1352, 1355, 1395, 1471, 1555, 1668, 1806, 1954, 2104, 2244,
    2353, 2432, 2495, 2536, 2546, 2521, 2456, 2323, 2131, 1932, 1801, 1706, 1660, 1645, 1644, 1682,
    1743, 1810, 1890, 1995, 2112, 2231, 2348, 2468, 2581, 2676, 2756, 2815, 2856, 2880, 2883, 2866,
    2831, 2778, 2713, 2635, 2542, 2441, 2333, 2222, 2108, 1989, 1871, 1764, 1674, 1600, 1535, 1482,
    1440, 1408, 1387, 1375, 1372, 1375, 1380, 1389, 1402, 1419, 1440, 1466, 1498, 1533, 1570, 1607,
    1646, 1684, 1723, 1763, 1804, 1848, 1893, 1942, 1993, 2045, 2099, 2154, 2209, 2264, 2318, 2371,
    2425, 2478, 2531, 2585, 2639, 2694, 2748, 2802, 2855, 2906, 2956, 3004, 3050, 3093, 3135, 3174,
    3212, 3248, 3282, 3315, 3344, 3372, 3398, 3422, 3444, 3464, 3483, 3499, 3514, 3527, 3536, 3544,
    3550, 3552, 3553, 3551, 3546, 3538, 3529, 3518, 3505, 3490, 3474, 3456, 3437, 3416, 3393, 3369,
    3344, 3317, 3289, 3259, 3227, 3194, 3160, 3126, 3090, 3055, 3018, 2981, 2944, 2906, 2867, 2828,
    2789, 2749, 2708, 2668, 2626, 2585, 2543, 2500, 2457, 2414, 2371, 2328, 2285, 2242, 2199, 2157,
    2114, 2071, 2029, 1986, 1943, 1900, 1856, 1812, 1768, 1724, 1679, 1635, 1590, 1546, 1503, 1461,
    1419, 1379, 1339, 1301, 1264, 1227, 1192, 1157, 1123, 1090, 1057, 1024,  993,  963,  934,  907,
     883,  860,  841,  824,  808,  795,  784,  775,  768,  764,  765,  770,  781,  797,  818,  844,
     874,  909,  947,  988, 1033, 1083, 1138, 1197, 1259, 1323, 1386, 1450, 1512, 1574, 1637, 1699,
    1759, 1817, 1871, 1921, 1966, 2007, 2045, 2079, 2110, 2137, 2161, 2180, 2193, 2200, 2199, 2191,
    2169, 2135, 2085, 2019, 1924, 1796, 1653, 1521, 1476, 1484, 1537, 1623, 1732, 1869, 2013, 2159,
    2307, 2430, 2522, 2590, 2623, 2628, 2608, 2549, 2460, 2349, 2224, 2080, 1922, 1782, 1666, 1568,
    1510, 1487, 1480, 1506, 1572, 1660, 1767, 1898, 2039, 2190, 2340, 2464, 2560, 2628, 2666, 2678,
    2668, 2626, 2544, 2429, 2285, 2121, 1959, 1817, 1708, 1619, 1560, 1536, 1538, 1550, 1577, 1624,
    1690, 1767, 1852, 1948, 2055, 2168, 2278, 2381, 2482, 2578, 2666, 2740, 2801, 2852, 2885, 2900,
    2897, 2883, 2857, 2814, 2756, 2682, 2595, 2494, 2385, 2278, 2174, 2073, 1974, 1882, 1799, 1726,
    1665, 1613, 1572, 1541, 1521, 1508, 1501, 1498, 1500, 1506, 1515, 1528, 1546, 1568, 1593, 1621,
    1650, 1681, 1714, 1747, 1782, 1819, 1859, 1900, 1944, 1991, 2038, 2087, 2138, 2188, 2237, 2287,
    2336, 2385, 2433, 2482, 2530, 2579, 2628, 2678, 2728, 2778, 2828, 2878, 2926, 2974, 3021, 3067,
    3111, 3155, 3198, 3238, 3278, 3316, 3352, 3387, 3420, 3450, 3478, 3503, 3525, 3544, 3562, 3577,
    3590, 3601, 3609, 3614, 3617, 3618, 3617, 3615, 3609, 3602, 3593, 3582, 3570, 3555, 3539, 3521,
    3501, 3481, 3459, 3436, 3411, 3385, 3357, 3329, 3299, 3268, 3236, 3202, 3169, 3134, 3099, 3063,
    3027, 2991, 2954, 2917, 2879, 2841, 2803, 2764, 2725, 2685, 2645, 2605, 2565, 2524, 2483, 2442,
    2401, 2360, 2319, 2277, 2236, 2195, 2155, 2114, 2074, 2034, 1995, 1955, 1916, 1876, 1836, 1796,
    1756, 1716, 1676, 1636, 1597, 1558, 1519, 1481, 1443, 1407, 1370, 1335, 1300, 1267, 1233, 1201,
    1170, 1139, 1109, 1080, 1052, 1025, 1000,  975,  953,  932,  912,  894,  876,  861,  847,  834,
     822,  811,  801,  793,  787,  784,  785,  788,  795,  806,  820,  836,  854,  874,  896,  920,
     948,  978, 1012, 1049, 1087, 1126, 1166, 1204, 1242, 1280, 1317, 1355, 1394, 1432, 1470, 1508,
    1544, 1578, 1610, 1640, 1667, 1692, 1716, 1737, 1756, 1774, 1790, 1804, 1817, 1829, 1839, 1846,
    1846, 1842, 1832, 1816, 1794, 1760, 1715, 1664, 1611, 1577, 1586, 1635, 1724, 1851, 2007, 2173,
    2327, 2446, 2517, 2524, 2481, 2388, 2257, 2097, 1925, 1757, 1624, 1529, 1486, 1491, 1536, 1635,
    1766, 1925, 2087, 2242, 2376, 2469, 2525, 2533, 2504, 2424, 2296, 2137, 1955, 1788, 1672, 1593,
    1559, 1557, 1571, 1602, 1655, 1726, 1808, 1899, 2001, 2110, 2221, 2330, 2436, 2538, 2629, 2708,
    2777, 2833, 2873, 2895, 2901, 2894, 2873, 2838, 2789, 2731, 2664, 2589, 2505, 2413, 2314, 2213,
    2111, 2010, 1911, 1815, 1723, 1638, 1560, 1492, 1433, 1385, 1348, 1321, 1304, 1293, 1289, 1293,
    1304, 1323, 1349, 1381, 1419, 1461, 1505, 1552, 1602, 1654, 1709, 1766, 1826, 1888, 1951, 2014,
    2077, 2140, 2202, 2264, 2326, 2388, 2450, 2511, 2572, 2632, 2691, 2749, 2806, 2860, 2913, 2964,
    3012, 3057, 3098, 3136, 3171, 3202, 3229, 3253, 3273, 3290, 3304, 3313, 3318, 3318, 3314, 3305,
    3292, 3275, 3254, 3231, 3206, 3178, 3148, 3114, 3078, 3040, 2999, 2957, 2914, 2869, 2824, 2777,
    2730, 2682, 2633, 2583, 2531, 2479, 2427, 2374, 2322, 2269, 2216, 2164, 2112, 2060, 2007, 1955,
    1903, 1851, 1800, 1748, 1698, 1648, 1599, 1552, 1504, 1458, 1413, 1369, 1326, 1285, 1247, 1212,
    1180, 1151, 1126, 1105, 1087, 1072, 1062, 1057, 1059, 1069, 1088, 1115, 1151, 1194, 1244, 1303,
    1368, 1437, 1505, 1571, 1635, 1696, 1754, 1808, 1855, 1896, 1929, 1953, 1966, 1970, 1967, 1956,
    1931, 1885, 1815, 1717, 1640, 1631, 1694, 1813, 1957, 2121, 2284, 2429, 2529, 2577, 2574, 2519,
    2422, 2294, 2144, 1985, 1832, 1703, 1613, 1563, 1557, 1590, 1660, 1767, 1899, 2050, 2205, 2353,
    2481, 2570, 2623, 2640, 2616, 2560, 2470, 2349, 2206, 2058, 1907, 1765, 1647, 1564, 1511, 1488,
    1500, 1541, 1603, 1691, 1797, 1913, 2038, 2165, 2287, 2403, 2507, 2592, 2657, 2704, 2729, 2729,
    2701, 2648, 2571, 2475, 2363, 2240, 2110, 1983, 1863, 1760, 1676, 1611, 1563, 1535, 1523, 1524,
    1533, 1551, 1576, 1609, 1649, 1694, 1742, 1793, 1846, 1902, 1961, 2022, 2085, 2149, 2215, 2281,
    2346, 2411, 2476, 2541, 2605, 2669, 2731, 2791, 2849, 2905, 2958, 3008, 3055, 3098, 3137, 3171,
    3199, 3222, 3240, 3252, 3259, 3260, 3257, 3249, 3235, 3217, 3194, 3168, 3138, 3104, 3067, 3027,
    2985, 2940, 2893, 2844, 2794, 2742, 2689, 2634, 2579, 2522, 2465, 2407, 2349, 2291, 2233, 2175,
    2118, 2062, 2006, 1951, 1896, 1843, 1790, 1738, 1687, 1638, 1591, 1546, 1502, 1460, 1420, 1382,
    1348, 1316, 1290, 1270, 1256, 1248, 1247, 1253, 1267, 1292, 1327, 1369, 1415, 1465, 1517, 1568,
    1613, 1655, 1694, 1728, 1755, 1775, 1787, 1790, 1786, 1775, 1760, 1740, 1712, 1671, 1623, 1572,
    1544, 1541, 1569, 1619, 1695, 1800, 1920, 2054, 2196, 2327, 2445, 2530, 2580, 2588, 2552, 2477,
    2369, 2239, 2089, 1932, 1782, 1652, 1554, 1490, 1467, 1488, 1557, 1676, 1830, 1999, 2160, 2299,
    2405, 2463, 2467, 2409, 2293, 2124, 1926, 1754, 1639, 1587, 1576, 1605, 1665, 1752, 1860, 1980,
    2109, 2244, 2373, 2492, 2595, 2670, 2718, 2741, 2739, 2713, 2663, 2592, 2502, 2399, 2283, 2159,
    2031, 1906, 1788, 1682, 1596, 1529, 1479, 1445, 1429, 1434, 1456, 1492, 1538, 1594, 1659, 1728,
    1800, 1874, 1950, 2028, 2108, 2188, 2267, 2344, 2419, 2493, 2564, 2632, 2695, 2754, 2808, 2856,
    2900, 2938, 2969, 2990, 3003, 3008, 3004, 2991, 2973, 2945, 2910, 2869, 2822, 2769, 2711, 2650,
    2586, 2521, 2453, 2384, 2315, 2244, 2174, 2103, 2034, 1965, 1895, 1826, 1758, 1694, 1635, 1583,
    1536, 1495, 1465, 1449, 1450, 1471, 1526, 1599, 1689, 1771, 1838, 1880, 1886, 1851, 1764, 1613
};

======================================================================
USAGE INSTRUCTIONS:
======================================================================
1. Copy the #define line to the /* USER CODE BEGIN PD */ section
2. Copy the uint32_t array to the /* USER CODE BEGIN PV */ section
3. Update your code to use this LUT
